# S_2 of PackingStar's 26D family (set 2 of 2), |S|=496, in our coordinates
# source: data/external/PackingStar/25D-31D/25D-31D_new_bounds_configurations/26D_198550_coordinates.npy (sha256 054e7d24a08247492b80631b2954c34773791bd959605f11607aae2874ff4bc1); lifted rows with T-vector(s) [1, 5, 2] of A2
# map: ours[perm[i]] = theirs[i], perm = [0, 1, 2, 3, 4, 5, 15, 20, 6, 19, 16, 12, 8, 18, 22, 23, 11, 9, 13, 10, 14, 7, 21, 17] (data/external/coordinate_map.json)
# written by python/tools/extract_packingstar_families.py on 2026-08-26; rows sorted lexicographically
# sqrt8-integer scaling (squared norm 32); independent set iff all off-diagonal Gram entries <= 8
-3 -1 -1 1 1 -1 -1 -1 -1 1 1 -1 -1 -1 1 1 -1 -1 -1 1 1 1 1 1
-3 -1 1 1 -1 -1 -1 1 1 1 -1 1 -1 -1 1 -1 -1 1 1 -1 -1 -1 1 1
-3 1 -1 -1 1 1 1 -1 -1 1 -1 1 1 -1 1 1 1 1 1 -1 1 -1 1 1
-3 1 -1 1 -1 -1 -1 -1 1 1 1 -1 -1 1 -1 1 1 1 1 -1 1 -1 -1 -1
-3 1 1 1 -1 -1 1 1 1 -1 1 1 -1 1 1 1 1 -1 -1 1 -1 1 -1 1
-3 1 1 1 1 1 -1 1 1 -1 -1 -1 -1 -1 -1 -1 -1 1 -1 1 1 1 -1 -1
-3 1 1 1 1 1 1 -1 -1 -1 1 -1 -1 1 1 -1 -1 -1 1 -1 -1 -1 1 -1
-2 -2 -2 0 0 0 0 0 0 -2 0 0 2 0 2 0 -2 0 0 0 0 -2 0 0
-2 -2 -2 0 0 0 0 0 0 0 -2 -2 0 -2 -2 0 0 0 0 -2 0 0 0 0
-2 -2 0 -2 2 0 0 0 0 2 0 0 0 2 -2 2 0 0 0 0 0 0 0 0
-2 -2 0 0 -2 0 0 2 0 2 0 0 0 0 0 0 0 0 0 0 2 2 -2 0
-2 -2 0 0 0 -2 2 0 -2 0 0 2 0 0 0 0 0 -2 0 -2 0 0 0 0
-2 -2 0 0 0 0 0 0 0 0 0 0 0 -2 0 2 0 2 2 2 0 0 0 -2
-2 -2 0 0 0 2 0 0 0 0 0 0 0 0 -2 -2 0 0 0 2 -2 -2 0 0
-2 -2 0 0 2 0 0 0 0 0 0 0 -2 0 0 -2 2 0 2 0 2 0 0 0
-2 -2 2 0 -2 0 0 0 0 0 0 -2 0 0 0 2 0 -2 0 0 0 -2 0 0
-2 -2 2 2 2 0 0 -2 0 0 -2 0 2 0 0 0 0 0 0 0 0 0 0 0
-2 0 -2 0 0 -2 0 0 0 0 0 0 0 0 0 -2 -2 0 2 0 0 2 0 -2
-2 0 -2 0 0 0 2 0 -2 0 0 -2 0 2 0 0 2 0 0 0 0 2 0 0
-2 0 -2 0 0 0 2 0 2 2 -2 0 -2 0 0 0 0 0 0 2 0 0 0 0
-2 0 -2 2 0 0 0 -2 0 0 0 2 0 2 0 -2 0 0 0 0 0 0 0 2
-2 0 0 -2 -2 0 0 0 0 0 2 0 0 0 0 -2 -2 -2 0 0 0 0 0 2
-2 0 0 -2 -2 0 2 -2 0 0 0 0 0 0 2 0 0 0 0 0 0 0 -2 -2
-2 0 0 -2 0 0 -2 -2 0 0 -2 2 0 0 0 0 -2 0 0 2 0 0 0 0
-2 0 0 -2 0 0 0 2 0 0 -2 0 0 2 2 0 0 -2 2 0 0 0 0 0
-2 0 0 0 -2 2 -2 0 -2 -2 0 0 0 2 0 0 0 0 0 0 0 0 -2 0
-2 0 0 0 -2 2 0 0 2 0 0 -2 0 0 0 0 0 0 2 0 -2 2 0 0
-2 0 0 0 0 -2 0 0 0 -2 -2 -2 0 0 0 0 0 0 0 2 -2 0 2 0
-2 0 0 0 0 -2 0 0 0 0 -2 2 0 0 -2 0 2 2 0 0 0 2 0 0
-2 0 0 0 0 -2 2 2 0 0 0 -2 0 0 0 -2 0 0 0 0 0 -2 -2 0
-2 0 0 0 0 0 -2 0 -2 0 0 0 2 -2 0 0 0 2 -2 0 -2 0 0 0
-2 0 0 0 0 0 0 -2 0 -2 0 0 0 0 -2 2 0 -2 0 0 0 2 0 -2
-2 0 0 0 0 0 0 0 2 -2 0 0 2 2 0 -2 2 0 0 0 0 0 0 -2
-2 0 0 0 0 2 0 2 0 0 0 -2 0 0 2 0 0 0 -2 -2 0 0 0 2
-2 0 0 0 2 0 -2 2 2 0 2 0 0 0 0 0 0 -2 0 0 0 -2 0 0
-2 0 0 0 2 0 0 0 -2 0 -2 0 -2 0 0 0 0 0 0 0 -2 0 -2 2
-2 0 0 2 0 0 2 0 -2 2 0 0 0 0 -2 0 -2 2 0 0 0 0 0 0
-2 0 0 2 0 0 2 0 0 0 0 0 0 -2 0 -2 2 0 -2 0 0 0 2 0
-2 0 2 -2 0 0 0 0 -2 0 0 0 -2 -2 -2 0 0 0 0 0 0 0 2 0
-2 0 2 0 0 -2 0 0 -2 0 0 0 0 2 0 0 0 0 0 2 2 0 0 -2
-2 0 2 0 0 0 -2 0 0 0 0 2 0 0 0 2 0 0 -2 -2 2 0 0 0
-2 0 2 0 0 0 0 -2 0 2 2 2 0 0 0 0 0 0 2 0 0 2 0 0
-2 0 2 0 0 0 0 0 0 2 0 -2 0 0 0 0 2 2 0 2 0 0 0 2
-2 0 2 0 0 2 2 0 0 0 0 0 0 0 -2 0 2 0 0 -2 0 0 -2 0
-2 2 -2 0 2 -2 0 0 0 -2 0 0 0 0 0 0 0 0 -2 -2 0 0 0 0
-2 2 0 0 0 0 0 0 0 -2 2 0 2 -2 0 0 0 0 2 0 0 0 -2 0
-2 2 0 0 0 0 2 2 2 0 0 0 2 0 0 0 -2 0 0 0 0 0 2 0
-2 2 0 0 0 2 0 0 0 2 0 0 0 0 0 2 -2 -2 0 0 0 0 -2 0
-1 -1 -1 -3 -1 -1 1 1 1 -1 -1 1 -1 1 -1 -1 -1 1 -1 -1 -1 -1 1 -1
-1 -1 -1 -1 -1 -3 1 -1 1 1 1 -1 1 -1 -1 1 1 -1 1 1 -1 1 -1 1
-1 -1 -1 -1 -1 -1 -1 1 1 -1 -1 1 1 -1 1 1 -1 -1 -1 -1 -1 3 1 1
-1 -1 -1 -1 -1 -1 1 -1 -1 -1 1 1 -3 1 -1 1 -1 1 1 1 1 1 -1 1
-1 -1 -1 -1 -1 1 -1 -1 -1 1 1 -1 1 1 1 1 -1 -1 1 -3 1 1 1 -1
-1 -1 -1 -1 -1 1 -1 -1 1 -1 1 1 1 1 -1 1 1 -1 3 1 1 -1 1 1
-1 -1 -1 -1 -1 1 -1 1 -1 -1 1 -1 -1 1 1 -1 1 -1 -1 1 1 -1 3 -1
-1 -1 -1 -1 -1 1 1 1 1 1 1 1 -1 -3 1 1 -1 -1 -1 -1 1 -1 1 -1
-1 -1 -1 -1 -1 3 1 1 -1 1 -1 1 1 1 1 1 -1 1 -1 1 -1 1 1 -1
-1 -1 -1 -1 1 -1 -1 1 1 1 1 -1 1 -1 1 1 3 1 -1 -1 1 1 1 -1
-1 -1 -1 -1 1 -1 1 -1 1 -1 -1 1 1 1 1 1 1 -1 -1 1 3 1 -1 1
-1 -1 -1 -1 1 1 -1 -1 -1 1 1 1 -1 1 1 -1 -1 3 1 -1 -1 -1 -1 -1
-1 -1 -1 -1 1 1 -1 -1 1 -1 -1 -1 -3 1 1 1 -1 -1 -1 -1 1 -1 -1 -1
-1 -1 -1 1 -3 -1 -1 -1 -1 1 -1 1 -1 1 1 1 1 -1 1 1 -1 1 1 -1
-1 -1 -1 1 -1 -3 -1 1 1 -1 -1 1 -1 -1 -1 1 -1 -1 -1 1 1 -1 -1 -1
-1 -1 -1 1 -1 1 -1 1 1 -1 -1 -1 -1 1 -1 3 1 1 -1 1 1 1 1 1
-1 -1 -1 1 -1 1 1 -1 -1 3 1 -1 -1 -1 1 -1 1 -1 1 -1 -1 -1 -1 1
-1 -1 -1 1 -1 1 1 -1 1 1 1 1 3 -1 -1 -1 -1 -1 -1 -1 -1 1 -1 -1
-1 -1 -1 1 -1 1 1 1 -1 -1 -1 -1 -1 -1 1 -1 -1 -3 -1 1 -1 1 -1 -1
-1 -1 -1 1 1 -1 -1 -1 -1 -1 -1 1 -1 1 -1 1 -1 1 1 -1 1 -1 3 -1
-1 -1 -1 1 1 -1 -1 -1 -1 -1 1 1 1 1 1 3 1 1 1 -1 -1 1 -1 1
-1 -1 -1 1 1 -1 -1 -1 1 -1 -1 1 -1 -1 3 -1 1 1 -1 1 -1 1 -1 -1
-1 -1 -1 1 1 -1 -1 1 1 1 -1 -1 1 1 -1 -1 1 -1 -3 1 -1 1 -1 1
-1 -1 -1 1 1 -1 1 1 1 1 1 1 -1 -1 -1 1 1 1 -1 -1 1 -1 -1 3
-1 -1 -1 1 1 -1 1 3 -1 -1 -1 1 -1 1 1 -1 -1 1 -1 1 1 1 1 1
-1 -1 -1 1 1 1 -1 -1 -1 1 1 -1 1 1 1 1 1 -1 -1 1 -1 -1 -1 -3
-1 -1 -1 1 1 1 -1 1 -1 1 1 -1 3 1 -1 -1 1 1 1 -1 1 -1 -1 1
-1 -1 -1 1 1 3 -1 1 1 -1 -1 1 1 -1 1 1 1 -1 1 -1 1 1 -1 -1
-1 -1 -1 3 -1 -1 -1 1 -1 -1 1 -1 -1 -1 -1 -1 1 1 1 1 -1 1 -1 1
-1 -1 -1 3 1 -1 1 1 1 1 1 1 1 1 -1 1 1 -1 1 1 1 1 1 -1
-1 -1 1 -1 -1 -1 -1 -1 1 -1 1 1 -1 1 1 -1 1 1 -1 1 1 -3 -1 1
-1 -1 1 -1 -1 -1 1 -1 -1 1 -1 -1 1 1 -1 -1 1 1 3 -1 -1 -1 1 -1
-1 -1 1 -1 -1 -1 1 -1 1 1 -1 -1 1 -1 -1 1 -1 1 -3 1 1 1 1 -1
-1 -1 1 -1 -1 -1 1 1 1 3 1 1 1 1 1 -1 1 -1 -1 1 -1 -1 1 -1
-1 -1 1 -1 -1 1 1 -3 -1 -1 1 1 1 1 -1 1 -1 1 -1 -1 -1 -1 1 1
-1 -1 1 -1 -1 1 1 1 1 -1 1 1 1 -1 3 -1 1 1 1 1 1 1 1 1
-1 -1 1 -1 1 -1 -3 1 -1 -1 -1 -1 1 -1 -1 1 1 -1 1 1 1 1 -1 1
-1 -1 1 -1 1 -1 -1 1 1 -3 1 -1 -1 1 1 -1 -1 1 1 -1 -1 1 -1 1
-1 -1 1 -1 1 1 1 -1 -1 1 1 -3 1 -1 -1 -1 -1 -1 1 1 1 1 -1 -1
-1 -1 1 -1 1 1 1 -1 1 1 -1 -1 -1 -1 1 1 1 1 -1 -1 -3 -1 1 -1
-1 -1 1 -1 1 1 1 1 -1 -1 1 1 3 -1 -1 1 1 -1 -1 1 1 -1 1 -1
-1 -1 1 1 -3 -1 1 1 -1 -1 1 -1 1 1 1 -1 -1 1 -1 -1 -1 1 1 -1
-1 -1 1 1 -1 -1 -1 -1 1 1 -1 -1 -1 1 -3 -1 -1 -1 1 1 1 1 1 1
-1 -1 1 1 -1 -1 1 -1 -1 -1 1 -1 1 -1 -1 1 1 1 1 -1 3 1 1 1
-1 -1 1 1 -1 1 -1 -1 -1 1 -1 1 -1 -1 -1 -1 -1 -1 1 -1 1 -1 -1 -3
-1 -1 1 1 -1 1 -1 -1 1 -1 3 -1 -1 -1 1 -1 1 -1 -1 -1 1 1 -1 -1
-1 -1 1 1 -1 1 -1 -1 1 1 -1 1 -1 -3 -1 1 1 -1 -1 1 -1 1 -1 1
-1 -1 1 1 -1 1 -1 1 1 -1 1 1 -1 1 1 1 -3 -1 1 1 1 1 1 -1
-1 -1 1 1 -1 1 1 1 -1 1 1 1 -1 3 1 1 1 1 1 -1 1 -1 1 1
-1 -1 1 1 1 -1 -1 -1 -1 1 1 -1 -1 1 -1 -1 1 1 -1 -3 -1 1 1 1
-1 -1 1 1 1 -1 1 1 1 1 1 -1 1 -1 3 1 -1 -1 1 -1 -1 1 -1 -1
-1 -1 1 1 1 1 1 1 1 -3 -1 1 -1 -1 -1 1 -1 -1 -1 -1 -1 -1 1 1
-1 -1 1 1 1 3 -1 -1 1 1 1 -1 -1 -1 -1 1 -1 1 1 -1 1 -1 1 1
-1 -1 3 -1 -1 -1 1 1 1 -1 -1 1 1 -1 -1 -1 -1 -1 1 1 -1 1 -1 -1
-1 -1 3 1 1 1 1 1 -1 1 1 1 -1 -1 1 -1 -1 -1 -1 1 1 -1 -1 1
-1 1 -3 1 -1 1 -1 1 1 1 1 1 1 -1 1 -1 1 1 1 1 -1 -1 1 -1
-1 1 -1 -3 -1 1 -1 1 1 1 -1 -1 1 -1 -1 1 1 -1 -1 1 -1 -1 1 1
-1 1 -1 -3 1 -1 -1 -1 -1 -1 1 -1 -1 1 -1 -1 1 -1 1 1 -1 -1 -1 -1
-1 1 -1 -1 -3 1 1 1 -1 -1 -1 1 1 -1 -1 -1 1 -1 1 -1 1 1 1 -1
-1 1 -1 -1 -1 -1 -3 -1 -1 -1 1 1 -1 -1 1 -1 1 1 1 -1 1 1 1 1
-1 1 -1 -1 -1 -1 -1 -1 -1 1 -1 -1 1 1 -1 1 -1 1 -1 -1 1 1 -1 3
-1 1 -1 -1 -1 -1 -1 1 1 -1 1 -3 1 1 1 1 -1 -1 -1 1 1 1 -1 -1
-1 1 -1 -1 -1 -1 1 -1 1 1 1 1 -1 1 -1 1 1 -1 -1 -1 1 1 3 1
-1 1 -1 -1 -1 -1 1 1 -3 1 1 -1 1 -1 1 1 -1 -1 1 1 -1 -1 1 -1
-1 1 -1 -1 -1 -1 1 1 -1 -1 -1 -1 -1 -3 1 1 1 1 -1 1 1 1 -1 1
-1 1 -1 -1 -1 -1 1 1 1 1 1 1 1 1 1 -1 1 1 1 -3 -1 1 -1 1
-1 1 -1 -1 -1 1 -1 1 -1 1 -1 -1 -1 -1 -1 -1 -1 1 3 1 1 -1 -1 1
-1 1 -1 -1 1 -1 -1 -1 1 1 1 -3 1 -1 1 -1 -1 1 1 -1 -1 -1 1 1
-1 1 -1 -1 1 -1 1 -1 1 1 1 1 1 -1 -1 1 -1 1 -1 1 -1 -3 -1 -1
-1 1 -1 -1 1 1 -1 1 -1 -1 -1 1 1 -1 1 -3 1 -1 -1 1 1 -1 -1 1
-1 1 -1 -1 1 1 -1 1 -1 -1 1 -1 -1 1 -1 1 -3 1 -1 1 -1 -1 1 1
-1 1 -1 -1 1 1 1 1 -1 1 1 3 -1 1 -1 -1 -1 -1 1 1 1 -1 1 -1
-1 1 -1 -1 3 1 1 -1 1 -1 -1 -1 1 1 1 1 -1 1 1 1 -1 1 -1 -1
-1 1 -1 1 -1 -1 -1 1 -1 1 1 1 -1 1 3 -1 -1 -1 -1 -1 1 -1 -1 -1
-1 1 -1 1 -1 -1 1 -1 -1 -1 1 3 1 -1 1 1 -1 1 -1 1 1 1 1 -1
-1 1 -1 1 -1 -1 1 -1 1 -1 -1 1 -1 -1 -1 -1 1 -1 1 -1 -3 -1 -1 -1
-1 1 -1 1 -1 1 1 -1 1 -1 -3 1 1 1 -1 1 -1 1 -1 -1 1 -1 -1 -1
-1 1 -1 1 1 -1 -1 -1 1 3 -1 1 1 1 1 1 -1 1 -1 -1 -1 1 1 -1
-1 1 -1 1 1 -1 -1 -1 3 -1 1 1 -1 -1 -1 1 -1 1 1 1 -1 1 1 1
-1 1 -1 1 1 -1 1 -1 -1 1 1 1 -1 -1 -1 -1 1 -1 -1 1 1 1 -3 -1
-1 1 -1 1 1 -1 1 1 -1 1 1 1 -3 -1 1 1 1 1 1 -1 -1 1 1 -1
-1 1 -1 1 1 1 -1 -3 -1 1 -1 -1 -1 -1 -1 -1 1 1 1 1 -1 1 1 -1
-1 1 -1 1 1 1 1 -1 1 -1 1 -3 -1 -1 -1 1 1 -1 -1 1 -1 -1 -1 1
-1 1 -1 1 1 1 1 1 -1 1 1 1 1 1 -1 1 1 -1 -1 -1 -3 -1 1 1
-1 1 -1 1 1 1 1 1 1 -1 -1 -1 -1 1 -1 -1 1 3 1 -1 -1 -1 1 1
-1 1 -1 1 1 1 1 1 1 1 3 -1 -1 1 1 -1 -1 1 1 1 1 1 -1 1
-1 1 -1 3 -1 1 -1 1 -1 -1 1 -1 1 -1 -1 1 -1 -1 -1 -1 1 -1 1 -1
-1 1 1 -1 -1 -3 -1 -1 1 -1 1 1 1 1 1 1 -1 -1 1 -1 -1 -1 1 -1
-1 1 1 -1 -1 1 -1 1 -1 1 1 1 -1 -1 1 1 3 -1 1 1 1 -1 -1 -1
-1 1 1 -1 -1 1 1 -1 1 -1 -1 -1 -1 3 1 -1 -1 1 -1 1 1 1 1 1
-1 1 1 -1 1 -3 -1 1 1 1 1 1 1 -1 1 -1 -1 1 -1 1 1 1 -1 1
-1 1 1 -1 1 -1 -1 -1 1 1 -3 -1 -1 -1 1 -1 1 -1 -1 -1 1 1 1 1
-1 1 1 -1 1 -1 1 -1 -1 1 3 -1 1 1 1 1 1 -1 -1 -1 1 -1 -1 1
-1 1 1 -1 1 -1 1 -1 3 1 1 -1 -1 1 -1 -1 -1 -1 -1 -1 -1 1 -1 -1
-1 1 1 -1 1 -1 1 1 3 -1 -1 1 -1 -1 1 1 1 1 1 -1 1 -1 -1 -1
-1 1 1 -1 1 1 -1 -1 -1 -1 -1 -3 1 1 -1 1 1 1 -1 -1 1 -1 1 -1
-1 1 1 -1 1 1 -1 -1 1 -1 -1 1 1 -1 -1 -1 -1 1 1 -3 -1 1 1 -1
-1 1 1 -1 1 1 1 1 -1 -1 1 1 1 1 1 -1 -1 -1 -1 -1 1 3 -1 -1
-1 1 1 1 -1 -1 -1 -1 1 1 1 -1 -1 -1 1 -1 -1 -1 1 3 -1 -1 -1 -1
-1 1 1 1 -1 -1 -1 1 -1 1 1 -1 1 1 -1 -1 1 -3 1 -1 -1 1 -1 -1
-1 1 1 1 -1 -1 -1 1 1 -1 1 1 1 1 -3 -1 -1 1 -1 -1 -1 -1 -1 1
-1 1 1 1 -1 -1 1 -1 1 -1 1 -1 -1 -1 1 1 -3 1 -1 -1 1 -1 -1 1
-1 1 1 1 -1 1 -1 -1 -1 -1 -1 -1 1 -1 -1 -1 1 -1 1 -1 -1 -1 1 3
-1 1 1 1 -1 1 1 1 -1 1 -1 1 -1 1 1 -3 1 1 1 1 -1 1 -1 -1
-1 1 1 1 -1 1 1 1 1 1 -1 -1 -1 1 1 1 1 -1 -1 -1 1 1 1 -3
-1 1 1 1 -1 3 -1 1 1 1 1 1 1 1 -1 -1 1 -1 -1 1 1 1 1 1
-1 1 1 1 1 1 -1 1 1 -1 -1 1 1 1 1 1 -1 1 1 1 1 -1 -1 3
-1 1 1 1 1 1 -1 3 -1 -1 1 -1 1 1 1 1 1 1 1 1 -1 1 1 -1
-1 1 1 1 3 1 1 -1 -1 -1 1 1 -1 1 -1 1 1 1 -1 1 1 1 1 1
-1 1 3 -1 -1 1 -1 1 1 1 1 -1 1 1 1 -1 -1 1 1 -1 1 -1 -1 -1
-1 1 3 -1 1 -1 1 1 -1 -1 -1 1 1 1 1 -1 1 1 -1 -1 -1 -1 1 1
-1 1 3 -1 1 1 -1 -1 1 -1 1 -1 1 -1 1 1 -1 -1 -1 1 -1 1 1 1
-1 1 3 1 -1 1 -1 -1 1 -1 -1 1 -1 1 -1 1 1 1 1 1 -1 -1 1 -1
-1 3 -1 1 -1 -1 -1 1 -1 1 -1 1 -1 -1 -1 -1 -1 -1 -1 1 -1 1 1 1
-1 3 1 -1 -1 -1 1 -1 1 1 -1 1 1 1 -1 -1 1 -1 1 1 1 -1 -1 1
-1 3 1 -1 -1 -1 1 1 -1 -1 -1 -1 -1 1 -1 1 -1 1 1 -1 -1 1 -1 -1
-1 3 1 1 1 1 -1 -1 1 1 1 1 -1 -1 1 -1 1 1 -1 -1 -1 -1 -1 1
0 -2 -2 -2 0 2 0 -2 0 -2 0 0 0 0 0 -2 0 0 0 0 0 2 0 0
0 -2 -2 0 0 0 0 0 0 2 0 0 0 0 0 0 0 2 2 0 0 2 2 2
0 -2 -2 0 0 0 0 0 2 0 2 0 -2 2 0 0 2 0 0 0 -2 0 0 0
0 -2 0 -2 -2 0 -2 0 0 0 2 -2 0 0 -2 0 0 2 0 0 0 0 0 0
0 -2 0 -2 0 0 0 0 0 -2 0 0 0 0 0 2 0 0 -2 2 -2 0 -2 0
0 -2 0 -2 0 2 -2 2 0 0 0 2 -2 0 0 0 0 0 0 0 0 0 0 2
0 -2 0 0 -2 0 0 0 0 -2 0 2 0 -2 0 0 0 2 0 -2 0 0 -2 0
0 -2 0 0 -2 0 2 2 0 0 -2 0 0 0 0 0 2 0 0 0 -2 0 0 2
0 -2 0 0 0 -2 -2 2 -2 0 0 0 0 2 0 0 0 0 0 0 -2 -2 0 0
0 -2 0 0 0 -2 0 -2 0 0 0 -2 0 2 2 -2 0 -2 0 0 0 0 0 0
0 -2 0 0 0 -2 0 0 -2 2 -2 0 0 -2 0 -2 0 0 0 2 0 0 0 0
0 -2 0 0 0 -2 0 0 0 2 2 0 0 0 0 0 -2 0 2 0 2 -2 0 0
0 -2 0 0 0 0 0 -2 0 0 0 0 0 -2 0 0 -2 -2 2 0 -2 0 2 0
0 -2 0 0 0 0 0 0 0 0 -2 0 0 2 0 0 0 0 0 -2 -2 2 -2 -2
0 -2 0 0 0 0 0 0 0 2 -2 2 0 0 2 2 0 0 0 0 0 -2 -2 0
0 -2 0 0 0 0 0 2 2 0 0 -2 0 -2 0 0 -2 0 0 2 0 0 0 2
0 -2 0 0 0 0 2 0 0 0 2 0 0 2 -2 -2 0 0 -2 0 2 0 0 0
0 -2 0 0 0 2 2 0 0 0 2 0 0 0 0 2 0 -2 0 0 0 2 0 2
0 -2 0 0 0 2 2 2 0 0 0 0 0 0 0 -2 -2 0 2 -2 0 0 0 0
0 -2 0 0 2 0 0 0 0 0 0 2 0 -2 -2 0 -2 0 0 0 2 2 0 0
0 -2 0 0 2 0 0 2 2 0 0 2 2 0 0 0 0 2 0 0 -2 0 0 0
0 -2 0 0 2 0 2 0 -2 0 0 -2 0 0 0 0 0 0 0 0 0 -2 2 2
0 -2 0 2 -2 0 2 -2 2 -2 0 0 0 0 0 0 0 0 0 2 0 0 0 0
0 -2 0 2 0 0 -2 0 0 0 0 0 0 0 0 0 -2 -2 0 -2 0 0 -2 2
0 -2 0 2 0 0 0 0 2 2 0 -2 0 0 0 -2 0 2 0 0 0 0 0 -2
0 -2 2 -2 0 0 0 0 0 2 0 0 2 -2 0 0 0 0 0 -2 0 0 0 2
0 -2 2 -2 2 0 -2 0 0 0 0 0 0 0 0 -2 0 0 -2 0 0 0 0 -2
0 -2 2 0 0 -2 0 0 0 0 0 2 0 0 0 2 0 0 0 2 0 0 2 2
0 -2 2 0 0 0 0 2 0 0 -2 0 0 0 -2 0 0 2 0 0 2 -2 0 0
0 0 -2 -2 0 0 -2 0 0 0 2 2 2 2 0 0 0 0 -2 0 0 0 0 0
0 0 -2 -2 0 2 2 0 0 0 0 0 0 2 0 0 0 0 0 0 0 -2 -2 2
0 0 -2 -2 2 0 0 2 0 -2 0 0 0 -2 0 0 0 0 2 0 0 0 2 0
0 0 -2 0 -2 0 0 0 0 0 0 0 0 0 0 -2 -2 2 -2 2 0 0 -2 0
0 0 -2 0 -2 0 0 0 0 0 0 0 0 0 0 2 2 -2 -2 -2 0 0 -2 0
0 0 -2 0 -2 0 0 0 2 0 0 -2 0 0 0 -2 2 0 0 0 2 0 0 2
0 0 -2 0 0 -2 0 0 0 0 0 0 2 0 -2 -2 0 -2 0 0 0 -2 2 0
0 0 -2 0 0 0 -2 0 -2 0 -2 0 0 0 0 0 0 0 -2 0 2 2 0 -2
0 0 -2 0 0 0 -2 2 2 0 0 0 0 0 0 0 -2 2 0 -2 2 0 0 0
0 0 -2 0 0 0 0 -2 -2 0 -2 0 2 0 0 0 0 -2 2 0 0 0 -2 0
0 0 -2 0 0 0 0 -2 0 -2 0 0 0 -2 0 0 2 0 0 0 2 -2 0 -2
0 0 -2 0 0 0 0 0 -2 0 -2 0 0 0 2 -2 0 0 0 -2 -2 0 2 0
0 0 -2 0 0 0 0 2 0 2 0 -2 0 0 0 2 0 2 0 0 -2 0 -2 0
0 0 -2 0 0 0 2 2 2 -2 0 0 0 0 -2 0 0 0 0 0 0 2 -2 0
0 0 -2 0 0 2 0 0 0 0 -2 0 0 0 0 0 -2 -2 0 0 2 0 2 2
0 0 -2 0 2 -2 0 0 0 0 0 -2 0 0 -2 0 0 2 0 2 2 0 0 0
0 0 -2 0 2 0 2 -2 0 0 2 0 0 0 -2 0 0 0 2 -2 0 0 0 0
0 0 -2 0 2 2 0 0 2 0 0 0 0 0 -2 0 0 0 -2 0 0 0 2 -2
0 0 -2 2 2 0 0 0 0 0 0 0 -2 -2 0 -2 -2 0 0 0 0 -2 0 0
0 0 0 -2 -2 0 0 0 -2 2 0 2 0 0 -2 0 0 0 0 0 -2 0 -2 0
0 0 0 -2 0 -2 0 0 0 0 0 0 2 0 -2 0 0 0 0 -2 2 0 -2 -2
0 0 0 -2 0 0 -2 0 2 2 0 0 -2 0 0 0 0 0 2 0 0 0 2 -2
0 0 0 -2 0 0 0 0 0 0 0 0 -2 -2 0 0 0 -2 2 -2 0 2 -2 0
0 0 0 -2 0 0 0 0 2 0 2 2 0 -2 -2 -2 2 0 0 0 0 0 0 0
0 0 0 -2 0 0 0 2 0 0 -2 -2 2 0 0 -2 0 2 0 0 0 2 0 0
0 0 0 -2 0 0 2 0 0 -2 0 -2 2 0 0 0 0 -2 0 -2 -2 0 0 0
0 0 0 -2 0 0 2 0 0 0 2 0 0 -2 0 0 -2 2 0 0 -2 2 0 0
0 0 0 -2 0 0 2 0 0 2 0 -2 -2 0 0 0 0 2 0 -2 2 0 0 0
0 0 0 -2 0 2 0 -2 0 2 2 0 -2 0 0 0 0 0 -2 2 0 0 0 0
0 0 0 -2 2 -2 0 -2 -2 0 0 0 2 0 0 0 0 0 0 0 0 2 2 0
0 0 0 -2 2 0 2 2 0 0 0 0 -2 0 0 0 2 -2 -2 0 0 0 0 0
0 0 0 0 -2 -2 0 2 2 0 0 0 0 2 0 0 0 2 2 2 0 0 0 0
0 0 0 0 -2 -2 2 0 0 0 -2 0 0 0 2 0 0 0 0 0 2 -2 2 0
0 0 0 0 -2 0 -2 -2 2 0 0 0 0 0 0 -2 0 0 -2 0 -2 0 2 0
0 0 0 0 -2 0 -2 0 2 2 2 0 0 0 2 2 0 0 0 0 0 0 0 2
0 0 0 0 -2 0 0 0 -2 0 0 0 -2 0 0 2 0 2 -2 0 0 -2 0 -2
0 0 0 0 -2 0 0 0 0 -2 2 0 0 -2 0 2 2 0 0 0 -2 0 2 0
0 0 0 0 -2 0 0 0 0 0 -2 -2 0 0 -2 0 2 0 0 2 0 0 -2 -2
0 0 0 0 -2 2 -2 0 0 2 -2 0 0 0 0 0 2 2 0 -2 0 0 0 0
0 0 0 0 -2 2 0 0 0 0 0 0 -2 0 -2 0 -2 0 -2 -2 0 2 0 0
0 0 0 0 -2 2 2 0 0 0 0 -2 2 -2 0 0 0 2 0 0 0 -2 0 0
0 0 0 0 0 -2 0 0 0 0 0 0 0 -2 2 0 0 -2 -2 0 -2 -2 0 2
0 0 0 0 0 -2 0 2 -2 0 2 0 0 0 -2 2 0 0 -2 0 0 2 0 0
0 0 0 0 0 -2 0 2 0 0 0 -2 -2 0 0 0 -2 -2 0 -2 0 0 2 0
0 0 0 0 0 -2 2 0 0 -2 0 0 0 2 -2 2 2 0 0 0 0 -2 0 0
0 0 0 0 0 0 -2 0 0 2 0 -2 0 -2 0 0 0 0 -2 0 2 -2 -2 0
0 0 0 0 0 0 -2 2 0 -2 0 0 -2 0 -2 0 2 0 0 -2 0 0 0 -2
0 0 0 0 0 0 -2 2 0 2 0 0 2 0 -2 0 -2 0 0 2 0 0 0 -2
0 0 0 0 0 0 0 -2 -2 -2 2 -2 0 0 2 0 0 2 0 2 0 0 0 0
0 0 0 0 0 0 0 -2 0 0 0 0 2 0 2 -2 0 2 -2 -2 2 0 0 0
0 0 0 0 0 0 0 -2 2 0 -2 0 0 2 0 2 0 -2 0 0 -2 0 0 2
0 0 0 0 0 0 0 0 -2 -2 2 2 -2 0 0 -2 0 0 -2 0 -2 0 0 0
0 0 0 0 0 0 0 0 -2 2 0 2 0 0 2 0 2 0 -2 0 0 2 0 2
0 0 0 0 0 0 0 0 0 0 0 0 0 0 0 0 0 0 0 -4 0 -4 0 0
0 0 0 0 0 0 0 0 0 0 0 0 0 0 0 0 0 0 0 4 0 4 0 0
0 0 0 0 0 0 0 0 2 -2 0 -2 0 0 -2 0 -2 0 2 0 0 -2 0 -2
0 0 0 0 0 0 0 0 2 2 -2 -2 2 0 0 2 0 0 2 0 2 0 0 0
0 0 0 0 0 0 0 2 -2 0 2 0 0 -2 0 -2 0 2 0 0 2 0 0 -2
0 0 0 0 0 0 0 2 0 0 0 0 -2 0 -2 2 0 -2 2 2 -2 0 0 0
0 0 0 0 0 0 0 2 2 2 -2 2 0 0 -2 0 0 -2 0 -2 0 0 0 0
0 0 0 0 0 0 2 -2 0 -2 0 0 -2 0 2 0 2 0 0 -2 0 0 0 2
0 0 0 0 0 0 2 -2 0 2 0 0 2 0 2 0 -2 0 0 2 0 0 0 2
0 0 0 0 0 0 2 0 0 -2 0 2 0 2 0 0 0 0 2 0 -2 2 2 0
0 0 0 0 0 2 -2 0 0 2 0 0 0 -2 2 -2 -2 0 0 0 0 2 0 0
0 0 0 0 0 2 0 -2 0 0 0 2 2 0 0 0 2 2 0 2 0 0 -2 0
0 0 0 0 0 2 0 -2 2 0 -2 0 0 0 2 -2 0 0 2 0 0 -2 0 0
0 0 0 0 0 2 0 0 0 0 0 0 0 2 -2 0 0 2 2 0 2 2 0 -2
0 0 0 0 2 -2 -2 0 0 0 0 2 -2 2 0 0 0 -2 0 0 0 2 0 0
0 0 0 0 2 -2 0 0 0 0 0 0 2 0 2 0 2 0 2 2 0 -2 0 0
0 0 0 0 2 -2 2 0 0 -2 2 0 0 0 0 0 -2 -2 0 2 0 0 0 0
0 0 0 0 2 0 0 0 0 0 2 2 0 0 2 0 -2 0 0 -2 0 0 2 2
0 0 0 0 2 0 0 0 0 2 -2 0 0 2 0 -2 -2 0 0 0 2 0 -2 0
0 0 0 0 2 0 0 0 2 0 0 0 2 0 0 -2 0 -2 2 0 0 2 0 2
0 0 0 0 2 0 2 0 -2 -2 -2 0 0 0 -2 -2 0 0 0 0 0 0 0 -2
0 0 0 0 2 0 2 2 -2 0 0 0 0 0 0 2 0 0 2 0 2 0 -2 0
0 0 0 0 2 2 -2 0 0 0 2 0 0 0 -2 0 0 0 0 0 -2 2 -2 0
0 0 0 0 2 2 0 -2 -2 0 0 0 0 -2 0 0 0 -2 -2 -2 0 0 0 0
0 0 0 2 -2 0 -2 -2 0 0 0 0 2 0 0 0 -2 2 2 0 0 0 0 0
0 0 0 2 -2 2 0 2 2 0 0 0 -2 0 0 0 0 0 0 0 0 -2 -2 0
0 0 0 2 0 -2 0 2 0 -2 -2 0 2 0 0 0 0 0 2 -2 0 0 0 0
0 0 0 2 0 0 -2 0 0 -2 0 2 2 0 0 0 0 -2 0 2 -2 0 0 0
0 0 0 2 0 0 -2 0 0 0 -2 0 0 2 0 0 2 -2 0 0 2 -2 0 0
0 0 0 2 0 0 -2 0 0 2 0 2 -2 0 0 0 0 2 0 2 2 0 0 0
0 0 0 2 0 0 0 -2 0 0 2 2 -2 0 0 2 0 -2 0 0 0 -2 0 0
0 0 0 2 0 0 0 0 -2 0 -2 -2 0 2 2 2 -2 0 0 0 0 0 0 0
0 0 0 2 0 0 0 0 0 0 0 0 2 2 0 0 0 2 -2 2 0 -2 2 0
0 0 0 2 0 0 2 0 -2 -2 0 0 2 0 0 0 0 0 -2 0 0 0 -2 2
0 0 0 2 0 2 0 0 0 0 0 0 -2 0 2 0 0 0 0 2 -2 0 2 2
0 0 0 2 2 0 0 0 2 -2 0 -2 0 0 2 0 0 0 0 0 2 0 2 0
0 0 2 -2 -2 0 0 0 0 0 0 0 2 2 0 2 2 0 0 0 0 2 0 0
0 0 2 0 -2 -2 0 0 -2 0 0 0 0 0 2 0 0 0 2 0 0 0 -2 2
0 0 2 0 -2 0 -2 2 0 0 -2 0 0 0 2 0 0 0 -2 2 0 0 0 0
0 0 2 0 -2 2 0 0 0 0 0 2 0 0 2 0 0 -2 0 -2 -2 0 0 0
0 0 2 0 0 -2 0 0 0 0 2 0 0 0 0 0 2 2 0 0 -2 0 -2 -2
0 0 2 0 0 0 -2 -2 -2 2 0 0 0 0 2 0 0 0 0 0 0 -2 2 0
0 0 2 0 0 0 0 -2 0 -2 0 2 0 0 0 -2 0 -2 0 0 2 0 2 0
0 0 2 0 0 0 0 0 2 0 2 0 0 0 -2 2 0 0 0 2 2 0 -2 0
0 0 2 0 0 0 0 2 0 2 0 0 0 2 0 0 -2 0 0 0 -2 2 0 2
0 0 2 0 0 0 0 2 2 0 2 0 -2 0 0 0 0 2 -2 0 0 0 2 0
0 0 2 0 0 0 2 -2 -2 0 0 0 0 0 0 0 2 -2 0 2 -2 0 0 0
0 0 2 0 0 0 2 0 2 0 2 0 0 0 0 0 0 0 2 0 -2 -2 0 2
0 0 2 0 0 2 0 0 0 0 0 0 -2 0 2 2 0 2 0 0 0 2 -2 0
0 0 2 0 2 0 0 0 -2 0 0 2 0 0 0 2 -2 0 0 0 -2 0 0 -2
0 0 2 0 2 0 0 0 0 0 0 0 0 0 0 -2 -2 2 2 2 0 0 2 0
0 0 2 0 2 0 0 0 0 0 0 0 0 0 0 2 2 -2 2 -2 0 0 2 0
0 0 2 2 -2 0 0 -2 0 2 0 0 0 2 0 0 0 0 -2 0 0 0 -2 0
0 0 2 2 0 -2 -2 0 0 0 0 0 0 -2 0 0 0 0 0 0 0 2 2 -2
0 0 2 2 0 0 2 0 0 0 -2 -2 -2 -2 0 0 0 0 2 0 0 0 0 0
0 2 -2 0 0 0 0 -2 0 0 2 0 0 0 2 0 0 -2 0 0 -2 2 0 0
0 2 -2 0 0 2 0 0 0 0 0 -2 0 0 0 -2 0 0 0 -2 0 0 -2 -2
0 2 -2 2 -2 0 2 0 0 0 0 0 0 0 0 2 0 0 2 0 0 0 0 2
0 2 -2 2 0 0 0 0 0 -2 0 0 -2 2 0 0 0 0 0 2 0 0 0 -2
0 2 0 -2 0 0 0 0 -2 -2 0 2 0 0 0 2 0 -2 0 0 0 0 0 2
0 2 0 -2 0 0 2 0 0 0 0 0 0 0 0 0 2 2 0 2 0 0 2 -2
0 2 0 -2 2 0 -2 2 -2 2 0 0 0 0 0 0 0 0 0 -2 0 0 0 0
0 2 0 0 -2 0 -2 0 2 0 0 2 0 0 0 0 0 0 0 0 0 2 -2 -2
0 2 0 0 -2 0 0 -2 -2 0 0 -2 -2 0 0 0 0 -2 0 0 2 0 0 0
0 2 0 0 -2 0 0 0 0 0 0 -2 0 2 2 0 2 0 0 0 -2 -2 0 0
0 2 0 0 0 -2 -2 -2 0 0 0 0 0 0 0 2 2 0 -2 2 0 0 0 0
0 2 0 0 0 -2 -2 0 0 0 -2 0 0 0 0 -2 0 2 0 0 0 -2 0 -2
0 2 0 0 0 0 -2 0 0 0 -2 0 0 -2 2 2 0 0 2 0 -2 0 0 0
0 2 0 0 0 0 0 -2 -2 0 0 2 0 2 0 0 2 0 0 -2 0 0 0 -2
0 2 0 0 0 0 0 0 0 -2 2 -2 0 0 -2 -2 0 0 0 0 0 2 2 0
0 2 0 0 0 0 0 0 0 0 2 0 0 -2 0 0 0 0 0 2 2 -2 2 2
0 2 0 0 0 0 0 2 0 0 0 0 0 2 0 0 2 2 -2 0 2 0 -2 0
0 2 0 0 0 2 0 0 0 -2 -2 0 0 0 0 0 2 0 -2 0 -2 2 0 0
0 2 0 0 0 2 0 0 2 -2 2 0 0 2 0 2 0 0 0 -2 0 0 0 0
0 2 0 0 0 2 0 2 0 0 0 2 0 -2 -2 2 0 2 0 0 0 0 0 0
0 2 0 0 0 2 2 -2 2 0 0 0 0 -2 0 0 0 0 0 0 2 2 0 0
0 2 0 0 2 0 -2 -2 0 0 2 0 0 0 0 0 -2 0 0 0 2 0 0 -2
0 2 0 0 2 0 0 0 0 2 0 -2 0 2 0 0 0 -2 0 2 0 0 2 0
0 2 0 2 0 -2 2 -2 0 0 0 -2 2 0 0 0 0 0 0 0 0 0 0 -2
0 2 0 2 0 0 0 0 0 2 0 0 0 0 0 -2 0 0 2 -2 2 0 2 0
0 2 0 2 2 0 2 0 0 0 -2 2 0 0 2 0 0 -2 0 0 0 0 0 0
0 2 2 0 0 0 0 0 -2 0 -2 0 2 -2 0 0 -2 0 0 0 2 0 0 0
0 2 2 0 0 0 0 0 0 -2 0 0 0 0 0 0 0 -2 -2 0 0 -2 -2 -2
0 2 2 2 0 -2 0 2 0 2 0 0 0 0 0 2 0 0 0 0 0 -2 0 0
1 -3 -1 -1 -1 -1 1 1 -1 -1 -1 -1 1 1 -1 1 -1 -1 1 1 1 1 1 -1
1 -3 -1 1 1 1 -1 -1 1 1 1 1 1 -1 1 -1 1 -1 -1 1 1 -1 1 1
1 -3 -1 1 1 1 -1 1 -1 -1 1 -1 -1 -1 1 1 -1 1 -1 -1 -1 1 1 -1
1 -3 1 -1 1 1 1 -1 1 -1 1 -1 1 1 1 1 1 1 1 -1 1 -1 -1 -1
1 -1 -3 -1 1 -1 1 1 -1 1 1 -1 1 -1 1 -1 -1 -1 -1 -1 1 1 -1 1
1 -1 -3 1 -1 -1 1 1 -1 1 -1 1 -1 1 -1 -1 1 1 1 -1 1 -1 -1 -1
1 -1 -3 1 -1 1 -1 -1 1 1 1 -1 -1 -1 -1 1 -1 -1 1 1 1 1 -1 -1
1 -1 -3 1 1 -1 1 -1 -1 -1 -1 1 -1 -1 -1 1 1 -1 -1 1 -1 1 1 1
1 -1 -1 -1 -3 -1 -1 1 1 1 -1 -1 1 -1 1 -1 -1 -1 1 -1 -1 -1 -1 -1
1 -1 -1 -1 -1 -1 1 -3 1 1 -1 1 -1 -1 -1 -1 -1 -1 -1 -1 1 -1 -1 1
1 -1 -1 -1 -1 -1 1 -1 -1 1 1 -1 -1 -1 -1 -1 1 -1 -1 -1 -1 1 1 -3
1 -1 -1 -1 1 -3 1 -1 -1 -1 -1 -1 -1 -1 1 1 -1 1 1 -1 -1 -1 -1 -1
1 -1 -1 -1 1 -1 -1 -1 -1 -1 1 1 1 -1 -1 -1 -1 1 1 1 -1 -1 -1 3
1 -1 -1 -1 1 -1 -1 -1 1 -1 1 -1 1 -1 -1 3 -1 -1 -1 -1 1 -1 1 1
1 -1 -1 -1 1 -1 1 1 1 1 1 1 -1 1 1 1 -1 1 -1 1 1 1 -1 -3
1 -1 -1 -1 1 1 -1 1 -1 1 -1 1 1 1 -1 -1 3 -1 1 1 -1 1 1 -1
1 -1 -1 -1 1 1 1 -1 -1 1 -1 -1 -1 -1 3 1 1 -1 1 1 1 1 1 -1
1 -1 -1 -1 1 1 1 -1 1 -1 -1 1 -1 -1 1 1 -1 3 -1 1 1 -1 1 1
1 -1 -1 -1 1 1 1 1 -1 -1 -1 1 1 1 -1 1 1 1 -1 -3 1 1 1 1
1 -1 -1 1 -1 -1 -1 -1 1 1 -1 -1 -1 -1 -1 1 1 1 1 1 -1 -3 1 1
1 -1 -1 1 -1 -1 1 1 -1 1 1 -1 -1 1 1 1 1 -1 -1 3 1 -1 -1 1
1 -1 -1 1 -1 -1 1 1 1 1 1 3 -1 -1 1 -1 -1 -1 1 1 -1 1 -1 1
1 -1 -1 1 -1 1 -1 -1 -3 1 1 -1 1 1 -1 -1 -1 -1 -1 1 -1 1 1 1
1 -1 -1 1 -1 1 -1 1 -3 -1 -1 1 1 -1 1 1 1 1 1 1 1 -1 1 1
1 -1 -1 1 -1 1 -1 1 1 -1 -3 1 -1 -1 -1 -1 -1 1 1 1 -1 1 1 -1
1 -1 -1 1 -1 1 1 1 -1 -1 3 1 1 1 -1 1 -1 1 1 1 -1 -1 -1 -1
1 -1 -1 1 -1 3 1 -1 -1 -1 -1 -1 -1 1 -1 1 1 -1 1 -1 -1 -1 1 -1
1 -1 -1 1 1 -1 -1 1 -1 1 1 1 1 -3 -1 1 1 -1 1 -1 -1 -1 -1 -1
1 -1 -1 1 1 -1 1 -1 1 -1 -1 -1 1 1 -1 -1 -3 1 -1 -1 -1 1 1 1
1 -1 -1 1 1 3 1 1 -1 1 -1 -1 -1 -1 -1 -1 1 1 -1 1 1 1 -1 1
1 -1 1 -3 1 -1 1 -1 1 1 -1 1 -1 1 1 -1 1 1 1 1 -1 1 -1 1
1 -1 1 -1 -1 -1 -1 -1 -1 -1 -3 1 1 -1 -1 1 1 -1 -1 -1 -1 -1 1 -1
1 -1 1 -1 -1 -1 -1 -1 -1 1 1 1 1 -1 1 1 -1 -3 -1 1 1 1 -1 -1
1 -1 1 -1 -1 -1 -1 -1 1 -1 -1 -1 -1 -1 1 -1 -1 1 1 1 3 1 -1 -1
1 -1 1 -1 -1 -1 -1 1 -1 1 -1 3 1 1 1 -1 -1 1 1 -1 1 1 1 -1
1 -1 1 -1 -1 -1 1 3 1 -1 1 1 1 1 1 1 -1 -1 -1 -1 1 -1 -1 1
1 -1 1 -1 -1 1 -1 -1 1 -1 -1 -1 3 1 -1 -1 -1 -1 -1 1 1 -1 -1 1
1 -1 1 -1 -1 1 -1 1 1 -1 -1 -1 1 1 1 1 -1 1 1 -1 -1 -1 3 1
1 -1 1 -1 -1 1 1 1 -3 1 -1 -1 1 1 1 -1 1 -1 -1 -1 1 -1 -1 -1
1 -1 1 -1 -1 1 1 1 -1 -3 1 -1 -1 -1 -1 -1 1 -1 1 1 1 -1 -1 1
1 -1 1 -1 1 -1 -1 1 -1 1 3 -1 -1 -1 1 -1 1 -1 1 1 -1 1 1 1
1 -1 1 -1 1 1 -1 1 -1 1 1 -1 1 1 1 1 -1 1 -1 1 3 1 1 1
1 -1 1 -1 1 1 -1 1 1 1 -1 -3 -1 1 -1 -1 1 -1 1 -1 -1 -1 -1 1
1 -1 1 -1 1 1 1 -1 1 -1 -1 -1 1 -1 -3 1 1 1 1 1 -1 1 1 1
1 -1 1 1 -3 -1 -1 1 -1 1 1 1 -1 -1 -1 -1 1 -1 -1 -1 1 -1 1 1
1 -1 1 1 -1 -1 -1 -1 1 -1 -1 -3 1 -1 1 1 1 1 -1 -1 -1 1 -1 1
1 -1 1 1 -1 -1 1 -1 1 1 -1 1 1 -1 1 -1 3 -1 1 -1 1 1 -1 -1
1 -1 1 1 -1 -1 1 -1 1 1 1 -1 -1 1 -1 3 -1 1 1 -1 -1 1 1 -1
1 -1 1 1 -1 1 -1 1 -1 -1 -1 -1 -1 1 1 -1 1 -1 1 -1 1 3 1 1
1 -1 1 1 -1 1 1 1 -1 -1 -1 3 -1 1 -1 1 1 -1 -1 1 1 1 -1 -1
1 -1 1 1 1 -1 1 -1 1 -1 1 1 1 1 1 1 1 -1 -3 -1 -1 1 1 -1
1 -1 1 1 1 1 -1 -1 -1 -1 -1 -1 -1 -1 -1 1 -1 -1 -1 3 1 -1 1 -1
1 -1 1 1 1 1 -1 -1 1 1 1 1 1 3 -1 -1 -1 -1 1 -1 -1 -1 1 -1
1 -1 1 1 1 1 -1 -1 3 -1 -1 1 -1 1 -1 -1 1 1 -1 -1 1 1 -1 1
1 -1 1 1 1 1 -1 1 -1 -1 -1 -1 1 -1 1 -1 -1 1 1 1 -1 -1 -3 -1
1 -1 1 1 1 1 1 -1 -1 1 -1 3 -1 -1 -1 -1 1 1 1 -1 -1 -1 1 1
1 -1 1 1 1 1 1 1 1 -1 1 1 -1 -1 1 -1 1 -1 1 1 -1 -1 1 -3
1 -1 1 1 1 1 3 1 1 1 -1 -1 1 1 -1 1 -1 -1 -1 1 -1 -1 -1 -1
1 -1 1 1 3 -1 -1 -1 1 1 1 -1 -1 1 1 1 -1 1 -1 1 -1 -1 -1 1
1 -1 1 3 -1 1 1 1 1 1 -1 1 1 -1 1 1 -1 1 -1 -1 1 1 1 1
1 -1 1 3 1 -1 1 -1 -1 -1 1 1 -1 1 1 -1 -1 1 1 -1 1 1 -1 -1
1 -1 3 -1 1 -1 1 -1 -1 -1 -1 -1 -1 1 -1 1 -1 -1 -1 -1 1 1 -1 1
1 1 -3 -1 -1 -1 -1 -1 1 -1 -1 -1 1 1 -1 1 1 1 1 -1 -1 1 1 -1
1 1 -3 1 1 1 -1 -1 -1 1 1 -1 -1 1 1 1 1 1 -1 -1 1 -1 1 1
1 1 -1 -1 -1 -3 1 1 -1 -1 -1 1 1 1 1 -1 1 -1 -1 1 -1 1 -1 -1
1 1 -1 -1 -1 -1 -1 -1 -1 3 1 -1 1 1 1 -1 1 1 1 1 1 1 -1 -1
1 1 -1 -1 -1 1 -1 -1 -1 -1 -1 1 -1 1 -3 -1 1 1 -1 1 1 -1 1 1
1 1 -1 -1 -1 1 1 1 1 -1 -1 1 1 -1 1 1 -1 -1 1 3 1 -1 -1 -1
1 1 -1 -1 1 -1 -1 -1 1 -1 -1 -1 1 -3 -1 -1 -1 -1 -1 1 -1 1 -1 -1
1 1 -1 -1 1 -1 1 -1 -1 1 -1 -1 1 -1 -1 -1 3 1 -1 -1 -1 -1 -1 1
1 1 -1 -1 1 -1 1 1 -1 -1 1 -1 1 3 1 -1 -1 1 1 -1 1 -1 1 -1
1 1 -1 -1 1 -1 1 1 -1 1 -3 1 1 1 -1 1 -1 1 1 1 -1 -1 1 1
1 1 -1 -1 1 -1 1 1 1 -1 1 -1 1 1 1 1 1 1 -1 1 -1 1 1 3
1 1 -1 -1 1 1 -1 1 1 1 -1 1 -1 1 1 -1 -1 -1 -1 1 -3 -1 -1 -1
1 1 -1 -1 1 1 1 1 -1 -1 1 1 1 -1 3 1 1 1 -1 -1 -1 -1 -1 -1
1 1 -1 -1 3 1 -1 -1 1 1 -1 1 -1 -1 -1 1 1 -1 1 1 1 -1 -1 1
1 1 -1 1 -1 -1 -1 -1 1 1 -1 -1 -3 1 1 -1 -1 1 1 -1 -1 1 -1 1
1 1 -1 1 -1 -1 -1 1 -1 -1 1 1 1 1 -1 -1 -1 -1 1 1 3 1 -1 1
1 1 -1 1 -1 -1 -1 1 1 -1 -1 3 -1 1 1 1 1 1 -1 -1 -1 -1 1 1
1 1 -1 1 -1 1 1 -1 -1 3 -1 1 1 -1 -1 1 1 -1 -1 1 1 -1 1 -1
1 1 -1 1 -1 1 3 -1 1 1 1 1 -1 1 1 -1 -1 1 -1 -1 -1 -1 1 -1
1 1 -1 1 1 -1 -1 -1 -1 1 -1 -1 -1 1 -3 1 -1 -1 -1 -1 -1 -1 -1 -1
1 1 -1 1 1 -1 -1 3 1 1 -1 -1 -1 -1 1 -1 1 -1 1 1 1 1 -1 -1
1 1 -1 1 1 1 -1 -1 -1 -3 -1 -1 -1 -1 -1 1 -1 1 1 -1 1 1 -1 1
1 1 -1 1 1 1 -1 1 -1 -1 1 1 -1 1 1 -1 1 -1 3 -1 -1 -1 -1 1
1 1 -1 1 1 1 -1 1 1 -1 1 1 -1 -1 1 1 -1 -1 -3 1 1 1 -1 1
1 1 -1 1 1 1 1 1 -1 1 -1 -1 1 -1 -1 1 -1 -1 1 -1 -1 3 1 -1
1 1 1 -3 -1 1 -1 -1 -1 -1 -1 -1 -1 -1 1 -1 -1 1 -1 -1 -1 -1 -1 1
1 1 1 -3 1 1 1 -1 1 1 -1 1 1 1 1 1 -1 -1 -1 -1 1 -1 1 -1
1 1 1 -1 -1 -3 1 -1 -1 1 1 -1 -1 1 -1 -1 -1 1 -1 1 -1 -1 1 1
1 1 1 -1 -1 -1 1 -1 1 -1 -1 1 -3 -1 1 1 -1 -1 -1 1 -1 1 1 -1
1 1 1 -1 -1 -1 1 1 1 -1 -1 1 -1 -1 -1 -1 -1 1 1 -1 1 1 1 3
1 1 1 -1 -1 1 -1 -3 1 1 1 -1 1 -1 -1 1 1 -1 1 -1 -1 -1 -1 -1
1 1 1 -1 -1 1 -1 -1 -1 -1 -1 -1 1 1 1 -1 -1 -1 1 1 -1 1 1 -3
1 1 1 -1 -1 1 1 -1 -1 -1 1 1 -1 -1 1 1 -1 1 3 -1 1 -1 1 -1
1 1 1 -1 -1 1 1 1 -1 1 1 -1 1 1 -3 1 -1 -1 1 -1 1 -1 1 1
1 1 1 -1 -1 1 1 1 1 1 -1 -1 -1 -1 -1 -3 -1 -1 -1 1 1 -1 1 -1
1 1 1 -1 -1 1 1 1 1 1 1 -1 1 -1 1 -1 1 -1 -1 1 -1 1 -3 1
1 1 1 -1 1 -1 -1 -1 1 1 1 1 1 1 -1 1 1 3 1 -1 1 -1 1 1
1 1 1 -1 1 -1 -1 1 -1 -1 -1 -1 -3 1 1 1 1 1 1 1 1 -1 1 1
1 1 1 -1 1 -1 -1 1 1 -3 -1 1 1 1 -1 1 -1 1 -1 1 1 1 1 -1
1 1 1 -1 1 -1 1 -1 -1 1 1 1 1 -1 1 -3 -1 -1 1 -1 -1 -1 -1 -1
1 1 1 -1 1 3 1 -1 -1 1 1 -1 1 1 1 -1 1 1 1 -1 -1 1 1 1
1 1 1 -1 3 1 1 1 1 -1 1 -1 1 -1 -1 -1 -1 1 -1 -1 1 -1 -1 1
1 1 1 1 -1 -1 1 1 -1 1 1 1 3 -1 -1 -1 1 1 1 1 -1 1 1 1
1 1 1 1 -1 -1 1 1 1 -1 -1 -1 1 -1 -1 1 1 -3 -1 1 1 1 1 1
1 1 1 1 -1 1 -1 1 -1 1 1 -1 -1 -1 -1 -1 -1 1 1 -1 -3 -1 1 -1
1 1 1 1 -1 1 1 -1 -1 -1 -1 1 -1 1 -1 -1 -3 -1 1 1 -1 -1 -1 1
1 1 1 1 1 -3 -1 -1 1 -1 1 -1 -1 -1 -1 -1 1 -1 1 -1 1 -1 -1 1
1 1 1 1 1 -1 -1 -1 -1 -1 -1 -1 1 3 -1 -1 1 1 1 1 -1 1 -1 1
1 1 1 1 1 -1 1 -1 1 1 -1 1 1 -1 -1 1 -1 1 1 -1 -1 1 -3 1
1 1 1 1 1 -1 1 1 -1 1 -1 -1 -1 -1 1 -1 -1 1 -3 -1 -1 1 -1 -1
1 1 1 1 1 -1 1 1 1 -1 -1 1 -1 -1 -1 -1 1 1 -1 3 -1 -1 -1 1
1 1 1 1 1 1 -1 1 1 1 -1 -1 3 -1 1 -1 1 -1 -1 -1 -1 -1 1 -1
1 1 1 1 1 1 1 -1 -1 1 1 -1 -1 1 -1 -1 1 1 1 1 1 -3 -1 -1
1 1 1 1 1 3 -1 1 -1 -1 -1 1 -1 1 1 -1 -1 1 -1 -1 1 -1 1 -1
1 1 1 3 1 1 -1 -1 -1 1 1 -1 1 -1 1 1 1 -1 1 1 1 1 -1 1
2 -2 0 0 0 -2 0 0 0 -2 0 0 0 0 0 -2 2 2 0 0 0 0 2 0
2 -2 0 0 0 0 -2 -2 -2 0 0 0 -2 0 0 0 2 0 0 0 0 0 -2 0
2 -2 0 0 0 0 0 0 0 2 -2 0 -2 2 0 0 0 0 -2 0 0 0 2 0
2 -2 2 0 -2 2 0 0 0 2 0 0 0 0 0 0 0 0 2 2 0 0 0 0
2 0 -2 0 0 -2 -2 0 0 0 0 0 0 0 2 0 -2 0 0 2 0 0 2 0
2 0 -2 0 0 0 0 0 0 -2 0 2 0 0 0 0 -2 -2 0 -2 0 0 0 -2
2 0 -2 0 0 0 0 2 0 -2 -2 -2 0 0 0 0 0 0 -2 0 0 -2 0 0
2 0 -2 0 0 0 2 0 0 0 0 -2 0 0 0 -2 0 0 2 2 -2 0 0 0
2 0 -2 0 0 2 0 0 2 0 0 0 0 -2 0 0 0 0 0 -2 -2 0 0 2
2 0 -2 2 0 0 0 0 2 0 0 0 2 2 2 0 0 0 0 0 0 0 -2 0
2 0 0 -2 0 0 -2 0 0 0 0 0 0 2 0 2 -2 0 2 0 0 0 -2 0
2 0 0 -2 0 0 -2 0 2 -2 0 0 0 0 2 0 2 -2 0 0 0 0 0 0
2 0 0 0 -2 0 0 0 2 0 2 0 2 0 0 0 0 0 0 0 2 0 2 -2
2 0 0 0 -2 0 2 -2 -2 0 -2 0 0 0 0 0 0 2 0 0 0 2 0 0
2 0 0 0 0 -2 0 -2 0 0 0 2 0 0 -2 0 0 0 2 2 0 0 0 -2
2 0 0 0 0 0 0 0 -2 2 0 0 -2 -2 0 2 -2 0 0 0 0 0 0 2
2 0 0 0 0 0 0 2 0 2 0 0 0 0 2 -2 0 2 0 0 0 -2 0 2
2 0 0 0 0 0 2 0 2 0 0 0 -2 2 0 0 0 -2 2 0 2 0 0 0
2 0 0 0 0 2 -2 -2 0 0 0 2 0 0 0 2 0 0 0 0 0 2 2 0
2 0 0 0 0 2 0 0 0 0 2 -2 0 0 2 0 -2 -2 0 0 0 -2 0 0
2 0 0 0 0 2 0 0 0 2 2 2 0 0 0 0 0 0 0 -2 2 0 -2 0
2 0 0 0 2 -2 0 0 -2 0 0 2 0 0 0 0 0 0 -2 0 2 -2 0 0
2 0 0 0 2 -2 2 0 2 2 0 0 0 -2 0 0 0 0 0 0 0 0 2 0
2 0 0 2 0 0 0 -2 0 0 2 0 0 -2 -2 0 0 2 -2 0 0 0 0 0
2 0 0 2 0 0 2 2 0 0 2 -2 0 0 0 0 2 0 0 -2 0 0 0 0
2 0 0 2 2 0 -2 2 0 0 0 0 0 0 -2 0 0 0 0 0 0 0 2 2
2 0 0 2 2 0 0 0 0 0 -2 0 0 0 0 2 2 2 0 0 0 0 0 -2
2 0 2 -2 0 0 0 2 0 0 0 -2 0 -2 0 2 0 0 0 0 0 0 0 -2
2 0 2 0 0 0 -2 0 -2 -2 2 0 2 0 0 0 0 0 0 -2 0 0 0 0
2 0 2 0 0 0 -2 0 2 0 0 2 0 -2 0 0 -2 0 0 0 0 -2 0 0
2 0 2 0 0 2 0 0 0 0 0 0 0 0 0 2 2 0 -2 0 0 -2 0 2
2 2 -2 -2 -2 0 0 2 0 0 2 0 -2 0 0 0 0 0 0 0 0 0 0 0
2 2 -2 0 2 0 0 0 0 0 0 2 0 0 0 -2 0 2 0 0 0 2 0 0
2 2 0 0 -2 0 0 0 0 0 0 0 2 0 0 2 -2 0 -2 0 -2 0 0 0
2 2 0 0 0 -2 0 0 0 0 0 0 0 0 2 2 0 0 0 -2 2 2 0 0
2 2 0 0 0 0 0 0 0 0 0 0 0 2 0 -2 0 -2 -2 -2 0 0 0 2
2 2 0 0 0 2 -2 0 2 0 0 -2 0 0 0 0 0 2 0 2 0 0 0 0
2 2 0 0 2 0 0 -2 0 -2 0 0 0 0 0 0 0 0 0 0 -2 -2 2 0
2 2 0 2 -2 0 0 0 0 -2 0 0 0 -2 2 -2 0 0 0 0 0 0 0 0
2 2 2 0 0 0 0 0 0 0 2 2 0 2 2 0 0 0 0 2 0 0 0 0
2 2 2 0 0 0 0 0 0 2 0 0 -2 0 -2 0 2 0 0 0 0 2 0 0
3 -1 -1 -1 -1 -1 -1 1 1 1 -1 1 1 -1 -1 1 1 1 -1 1 1 1 -1 1
3 -1 -1 -1 -1 -1 1 -1 -1 1 1 1 1 1 1 1 1 -1 1 -1 -1 -1 1 1
3 -1 -1 -1 1 1 -1 -1 -1 1 -1 -1 1 -1 -1 -1 -1 1 1 -1 1 -1 1 -1
3 -1 1 -1 1 1 1 1 -1 -1 -1 1 1 -1 1 -1 -1 -1 -1 1 -1 1 1 1
3 -1 1 1 -1 -1 -1 1 1 -1 1 -1 -1 1 -1 -1 -1 -1 -1 1 -1 1 -1 -1
3 1 -1 -1 1 1 1 -1 -1 -1 1 -1 1 1 -1 1 1 -1 -1 1 1 1 -1 -1
3 1 1 -1 -1 1 1 1 1 -1 -1 1 1 1 -1 -1 1 1 1 -1 -1 -1 -1 -1
