# S_1 of PackingStar's 28D family (set 1 of 8), |S|=496, in our coordinates
# source: data/external/PackingStar/25D-31D/25D-31D_new_bounds_configurations/28D_204520_coordinates.npy (sha256 e46fae5ac48e804f8564504a3fbc2e04cc5a9593778f033c75e02c2da8462d06); lifted rows with T-vector(s) [0, 14, 22] of D4
# map: ours[perm[i]] = theirs[i], perm = [0, 1, 2, 3, 4, 5, 15, 20, 6, 19, 16, 12, 8, 18, 22, 23, 11, 9, 13, 10, 14, 7, 21, 17] (data/external/coordinate_map.json)
# written by python/tools/extract_packingstar_families.py on 2026-08-26; rows sorted lexicographically
# sqrt8-integer scaling (squared norm 32); independent set iff all off-diagonal Gram entries <= 8
-3 -1 1 1 1 1 1 1 1 -1 1 1 -1 -1 1 -1 1 -1 1 1 -1 -1 1 1
-3 1 -1 1 -1 -1 -1 1 -1 1 1 1 1 1 1 -1 1 1 1 -1 1 -1 1 1
-3 1 -1 1 1 -1 1 -1 -1 -1 -1 1 -1 -1 1 1 -1 -1 1 -1 1 1 1 -1
-3 1 1 1 -1 -1 1 -1 1 1 1 -1 1 -1 1 1 1 1 1 1 -1 1 -1 -1
-2 -2 -2 -2 0 0 0 0 0 0 0 0 0 2 0 0 0 0 2 0 -2 -2 0 0
-2 -2 0 0 0 -2 0 0 0 2 0 0 0 0 0 -2 -2 2 0 0 0 0 -2 0
-2 -2 0 0 0 0 -2 0 0 0 0 2 0 0 -2 -2 2 0 0 0 0 0 0 -2
-2 -2 0 0 0 0 0 0 0 -2 0 -2 0 0 2 0 0 2 2 0 2 0 0 0
-2 -2 0 2 0 -2 0 0 0 0 2 2 0 0 0 2 0 0 -2 0 0 0 0 0
-2 -2 0 2 0 0 0 0 0 0 -2 0 0 0 -2 0 -2 0 0 0 -2 0 2 0
-2 -2 2 0 0 2 -2 0 0 0 0 0 2 -2 0 2 0 0 0 0 0 0 0 0
-2 0 -2 0 -2 0 0 0 0 0 2 0 0 0 0 0 -2 0 0 -2 -2 2 0 0
-2 0 -2 0 0 0 0 0 -2 -2 0 0 0 0 0 0 2 0 -2 0 2 0 -2 0
-2 0 -2 0 0 0 0 0 2 2 0 0 0 0 0 0 2 0 -2 0 -2 0 2 0
-2 0 -2 0 0 0 0 2 2 0 0 0 2 0 0 2 0 0 0 0 2 2 0 0
-2 0 -2 0 2 -2 -2 0 0 0 2 -2 0 0 0 0 0 0 0 0 0 0 0 -2
-2 0 -2 2 -2 0 0 0 2 -2 0 0 0 0 0 0 0 0 0 0 0 -2 0 -2
-2 0 0 -2 0 -2 0 -2 0 0 2 0 0 0 0 0 0 0 0 0 2 2 0 2
-2 0 0 -2 0 -2 2 0 0 0 -2 0 2 0 0 0 0 2 0 0 0 0 2 0
-2 0 0 -2 0 0 2 0 2 2 0 0 0 0 2 0 -2 -2 0 0 0 0 0 0
-2 0 0 -2 2 0 -2 2 0 0 0 0 0 0 -2 0 0 0 0 0 0 0 2 2
-2 0 0 0 -2 0 -2 0 0 0 0 2 0 0 0 0 -2 -2 0 0 2 0 -2 0
-2 0 0 0 -2 2 0 0 0 0 0 -2 0 -2 0 -2 -2 0 0 2 0 0 0 0
-2 0 0 0 0 -2 0 0 0 0 0 -2 2 0 0 -2 0 -2 0 0 -2 0 0 2
-2 0 0 0 0 0 -2 0 0 0 -2 0 0 0 2 0 0 2 0 2 -2 0 0 2
-2 0 0 0 0 0 -2 0 0 2 0 0 -2 0 -2 2 0 0 0 0 -2 0 -2 0
-2 0 0 0 0 0 0 -2 0 -2 0 -2 0 -2 -2 0 2 0 0 0 0 0 2 0
-2 0 0 0 0 0 0 0 0 0 0 -2 -2 2 2 2 0 0 -2 0 0 2 0 0
-2 0 0 0 0 0 0 0 2 0 2 0 0 2 0 0 -2 2 0 2 0 0 2 0
-2 0 0 0 0 0 0 2 0 0 0 -2 0 -2 0 0 0 -2 0 -2 2 -2 0 0
-2 0 0 0 0 0 0 2 2 0 0 0 0 2 0 0 0 0 -2 0 0 -2 -2 2
-2 0 0 0 0 0 2 0 2 0 0 0 -2 -2 0 0 0 2 -2 0 2 0 0 0
-2 0 0 0 0 0 2 2 0 0 2 0 2 0 0 -2 0 0 -2 0 0 0 0 -2
-2 0 0 0 0 2 0 0 -2 2 2 0 0 0 0 0 0 -2 2 0 0 0 0 -2
-2 0 0 0 2 0 0 -2 2 -2 0 0 2 0 2 0 0 0 -2 0 0 0 0 0
-2 0 0 0 2 0 2 -2 -2 0 2 0 0 0 0 0 0 2 0 0 0 -2 0 0
-2 0 0 0 2 2 -2 -2 0 0 0 0 -2 0 0 0 0 0 0 2 2 0 0 0
-2 0 0 2 0 -2 2 0 0 0 0 -2 0 2 -2 0 0 0 0 0 2 0 0 0
-2 0 0 2 0 0 0 2 -2 0 0 0 -2 0 0 0 0 2 0 2 0 0 0 -2
-2 0 2 0 -2 0 0 0 0 0 -2 0 0 0 0 0 2 0 0 -2 -2 -2 0 0
-2 0 2 0 0 0 0 0 -2 0 0 0 0 0 -2 0 0 2 2 -2 0 2 0 0
-2 0 2 2 2 0 -2 0 0 0 0 0 0 2 0 0 0 -2 0 -2 0 0 0 0
-2 2 -2 -2 0 2 0 0 0 0 0 0 0 0 2 0 0 2 0 0 0 0 0 -2
-2 2 -2 0 0 0 0 0 0 0 2 2 0 -2 -2 0 0 0 0 2 0 0 0 0
-2 2 0 0 -2 0 2 -2 0 0 0 2 0 2 0 0 0 0 -2 0 0 0 0 0
-2 2 0 0 2 0 0 0 -2 0 0 0 2 2 0 0 0 0 0 2 0 2 0 0
-2 2 2 -2 0 0 -2 0 0 -2 0 -2 0 0 0 0 0 0 0 0 0 0 -2 0
-2 2 2 0 0 0 0 0 0 2 -2 0 0 0 0 2 0 0 0 0 2 0 0 2
-1 -3 -1 -1 1 1 1 -1 -1 -1 -1 1 -1 -1 1 1 1 1 -1 1 -1 1 1 -1
-1 -3 -1 1 -1 1 1 1 1 1 -1 -1 1 -1 1 -1 1 -1 1 -1 -1 1 -1 -1
-1 -3 1 -1 -1 -1 1 1 1 -1 1 -1 -1 1 -1 -1 1 1 -1 -1 -1 1 1 1
-1 -1 -1 -3 -1 1 -1 -1 -1 1 -1 -1 1 -1 -1 -1 1 1 -1 -1 -1 1 -1 1
-1 -1 -1 -1 -3 -1 1 1 -1 -1 1 -1 1 1 1 1 -1 -1 -1 1 1 -1 1 1
-1 -1 -1 -1 -1 -1 -1 -1 -1 -1 1 1 -3 1 1 -1 -1 1 -1 -1 1 -1 1 -1
-1 -1 -1 -1 -1 -1 -1 1 -1 1 1 1 -1 -3 1 1 1 1 1 -1 1 1 -1 -1
-1 -1 -1 -1 -1 -1 1 -1 -1 -1 1 1 1 1 -1 1 -1 1 1 1 1 1 -1 -3
-1 -1 -1 -1 -1 -1 1 -1 1 1 1 -1 1 1 1 1 1 1 -1 -3 1 -1 -1 -1
-1 -1 -1 -1 -1 -1 3 -1 -1 -1 -1 -1 -1 -1 -1 -1 -1 -1 -1 -1 -1 -1 -1 -1
-1 -1 -1 -1 -1 1 -1 -1 1 -1 3 -1 -1 -1 1 1 1 1 -1 1 -1 -1 -1 1
-1 -1 -1 -1 -1 1 -1 1 1 1 -3 -1 -1 -1 -1 1 1 1 1 1 1 -1 1 -1
-1 -1 -1 -1 -1 1 1 -1 1 -1 1 3 1 -1 1 1 -1 1 1 -1 1 -1 1 1
-1 -1 -1 -1 -1 1 1 1 1 -1 1 1 -1 1 -1 1 1 -3 -1 1 -1 1 -1 -1
-1 -1 -1 -1 -1 1 1 3 -1 1 -1 1 -1 -1 1 -1 -1 1 -1 -1 -1 -1 1 1
-1 -1 -1 -1 1 1 -1 1 -1 -1 -1 -1 -1 -1 -1 1 -3 1 -1 -1 1 1 -1 -1
-1 -1 -1 -1 1 1 1 -1 -1 1 1 1 -1 1 -1 -3 -1 -1 -1 1 -1 1 1 1
-1 -1 -1 1 -1 -1 -1 1 1 -1 1 -1 -3 -1 -1 1 -1 -1 1 1 1 1 1 1
-1 -1 -1 1 -1 1 -1 -1 -3 1 -1 -1 1 1 -1 1 -1 1 1 1 1 -1 -1 1
-1 -1 -1 1 -1 1 -1 -1 1 -1 1 1 -1 3 -1 1 1 1 1 -1 1 1 -1 1
-1 -1 -1 1 -1 1 1 -3 1 1 -1 1 -1 -1 -1 -1 1 1 1 1 -1 -1 -1 1
-1 -1 -1 1 -1 1 1 -1 1 1 -1 -1 1 1 1 -1 -1 1 -1 -1 1 1 1 3
-1 -1 -1 1 1 -1 -1 -1 -1 -3 1 1 1 1 -1 -1 -1 -1 1 1 1 -1 1 1
-1 -1 -1 1 1 -1 -1 1 -1 -1 -1 -1 1 -1 1 1 1 1 -1 -3 -1 1 1 1
-1 -1 -1 1 1 -1 1 -1 -1 1 -1 1 -1 1 3 -1 1 -1 -1 -1 -1 -1 -1 1
-1 -1 -1 1 1 1 -1 -1 1 1 1 -1 1 -1 -3 -1 -1 -1 1 -1 1 1 -1 1
-1 -1 -1 1 1 1 1 1 -1 -1 -1 1 1 3 1 1 -1 1 -1 -1 1 -1 1 -1
-1 -1 -1 1 1 1 1 1 1 1 -1 1 -3 1 -1 -1 -1 -1 1 -1 1 -1 -1 -1
-1 -1 -1 1 1 1 1 1 1 1 1 -1 -1 -1 1 3 -1 1 1 -1 -1 -1 1 -1
-1 -1 -1 3 1 -1 -1 -1 1 1 -1 -1 1 -1 1 1 1 -1 1 1 1 -1 1 1
-1 -1 1 -3 -1 -1 -1 -1 1 -1 -1 1 -1 -1 -1 1 -1 -1 1 -1 -1 1 1 -1
-1 -1 1 -3 1 -1 1 1 -1 -1 1 1 1 -1 1 1 1 -1 -1 -1 -1 -1 -1 1
-1 -1 1 -1 -1 -3 -1 1 -1 -1 -1 1 -1 1 -1 1 1 1 1 1 1 -1 -1 1
-1 -1 1 -1 -1 1 1 1 -1 1 1 1 1 1 1 1 1 3 -1 1 1 1 -1 1
-1 -1 1 -1 -1 1 1 1 1 -1 -1 1 -1 -1 1 1 -1 1 1 1 -1 -1 -3 -1
-1 -1 1 -1 1 -1 -1 -3 -1 1 -1 1 1 1 -1 1 1 -1 -1 1 -1 -1 1 1
-1 -1 1 -1 1 -1 -1 -1 -1 1 1 1 1 1 3 1 -1 1 1 -1 -1 1 1 -1
-1 -1 1 -1 1 -1 -1 1 1 -1 -1 -1 1 1 1 1 3 -1 1 1 -1 1 1 -1
-1 -1 1 -1 1 -1 1 1 1 1 -3 1 -1 -1 -1 -1 1 -1 -1 1 -1 1 -1 1
-1 -1 1 -1 1 1 -1 -1 1 -1 -3 1 1 1 -1 -1 -1 1 1 -1 1 -1 -1 1
-1 -1 1 -1 1 1 -1 -1 1 1 1 1 1 1 1 -1 1 -1 1 1 -1 1 -3 1
-1 -1 1 -1 1 1 1 1 -1 -1 -1 -1 1 1 -3 1 1 1 -1 1 -1 -1 -1 -1
-1 -1 1 -1 1 3 1 -1 1 1 -1 -1 -1 1 -1 1 1 -1 1 -1 -1 1 1 1
-1 -1 1 1 -3 -1 1 1 1 1 -1 1 -1 1 1 1 -1 1 1 -1 1 1 1 -1
-1 -1 1 1 -1 -3 -1 -1 1 -1 -1 -1 -1 -1 1 -1 1 -1 -1 -1 1 1 -1 -1
-1 -1 1 1 -1 -1 -1 -1 -1 -1 1 -1 1 3 1 -1 1 1 -1 1 -1 -1 -1 -1
-1 -1 1 1 -1 -1 1 -3 1 -1 1 -1 -1 1 1 1 -1 -1 1 -1 -1 -1 1 1
-1 -1 1 1 -1 -1 1 -1 -1 -1 -1 1 3 1 1 1 1 -1 1 -1 1 1 -1 1
-1 -1 1 1 -1 1 -1 1 -1 1 1 -1 -1 1 -1 1 3 -1 -1 1 1 -1 1 1
-1 -1 1 1 -1 1 1 -1 -1 1 -1 1 -1 -1 1 1 -1 -1 -1 1 1 -3 1 -1
-1 -1 1 1 -1 3 -1 -1 -1 1 -1 1 -1 1 1 -1 -1 1 -1 -1 -1 1 -1 -1
-1 -1 1 1 1 -1 -1 -1 -3 -1 1 -1 -1 -1 1 1 1 -1 1 1 -1 1 -1 1
-1 -1 1 1 1 -1 -1 1 1 -1 1 -1 1 -1 -1 -1 1 1 -1 3 1 1 -1 1
-1 -1 1 1 1 -1 1 1 1 -3 1 -1 1 -1 -1 1 -1 -1 1 -1 -1 1 -1 -1
-1 -1 1 1 1 1 1 -1 -1 3 -1 -1 1 -1 -1 -1 1 1 -1 1 1 1 1 -1
-1 -1 3 -1 -1 -1 1 1 -1 1 1 -1 -1 -1 -1 1 -1 -1 -1 1 1 1 -1 -1
-1 -1 3 1 1 -1 1 -1 -1 -1 -1 1 -1 1 1 -1 -1 1 -1 1 1 1 1 1
-1 1 -3 -1 1 1 1 -1 1 -1 1 -1 -1 1 -1 1 -1 -1 -1 -1 1 -1 1 1
-1 1 -1 -1 -3 -1 -1 1 1 1 1 -1 -1 1 -1 -1 1 1 -1 1 1 1 -1 -1
-1 1 -1 -1 -3 1 1 -1 1 -1 -1 -1 -1 -1 1 1 1 -1 1 -1 1 1 -1 1
-1 1 -1 -1 -1 -1 -1 -3 -1 -1 1 1 1 -1 1 -1 1 -1 1 -1 -1 -1 -1 -1
-1 1 -1 -1 -1 -1 -1 -1 1 -1 -1 -1 1 3 1 -1 -1 -1 1 -1 1 1 1 -1
-1 1 -1 -1 -1 -1 -1 -1 1 1 1 1 -1 1 1 3 1 -1 1 1 1 -1 1 -1
-1 1 -1 -1 -1 -1 1 -1 1 1 1 -1 -1 -1 -1 -1 -1 1 3 -1 1 -1 1 -1
-1 1 -1 -1 -1 1 1 -1 -1 1 -1 -1 1 -1 -1 3 -1 -1 -1 1 -1 1 1 -1
-1 1 -1 -1 -1 1 1 -1 1 -1 1 -1 3 1 -1 -1 1 1 1 1 1 -1 -1 1
-1 1 -1 -1 -1 1 1 1 -1 -1 -1 1 -1 1 -1 -1 -1 1 1 1 3 1 1 1
-1 1 -1 -1 1 -1 1 1 -1 -3 1 -1 -1 -1 1 -1 -1 1 -1 1 -1 1 1 1
-1 1 -1 -1 1 -1 1 1 -1 3 1 1 -1 1 -1 1 -1 1 -1 -1 1 1 1 -1
-1 1 -1 -1 1 -1 1 1 1 -1 -1 3 1 1 1 -1 1 -1 1 1 1 -1 -1 -1
-1 1 -1 -1 1 1 -1 -1 1 -1 1 -1 1 -1 1 1 -1 -1 3 1 -1 1 1 1
-1 1 -1 -1 1 1 1 1 -1 -1 -1 1 1 -1 -1 -1 1 -1 1 -1 -3 1 1 -1
-1 1 -1 -1 1 1 1 1 -1 1 1 -3 -1 -1 -1 1 1 1 1 1 1 1 -1 1
-1 1 -1 1 -1 -1 -1 1 -1 -1 -1 -1 1 -1 -1 -1 1 -1 3 1 1 1 -1 -1
-1 1 -1 1 -1 -1 -1 1 -1 1 -1 1 1 1 1 1 1 -1 -1 -1 -1 1 -1 -3
-1 1 -1 1 -1 1 -1 -1 -1 -1 -1 1 3 -1 -1 -1 -1 1 -1 -1 1 1 1 -1
-1 1 -1 1 -1 1 1 1 -1 1 -1 1 1 -1 1 -1 1 -3 -1 1 1 1 1 1
-1 1 -1 1 -1 1 3 1 -1 1 -1 1 1 -1 -1 1 1 1 1 -1 1 -1 -1 -1
-1 1 -1 1 1 -1 -1 -3 -1 -1 -1 -1 -1 1 -1 -1 -1 1 -1 -1 -1 1 -1 1
-1 1 -1 1 1 -1 -1 -1 1 1 -1 1 1 1 -1 1 1 3 -1 1 1 -1 -1 -1
-1 1 -1 1 1 -1 -1 1 -1 1 -1 -1 -1 1 1 -1 -3 -1 -1 1 1 -1 1 1
-1 1 -1 1 1 -1 1 -1 1 -1 1 -1 -1 -1 1 -1 -1 -1 1 1 1 -1 -3 1
-1 1 -1 1 1 -1 1 -1 1 1 1 1 3 1 -1 1 -1 -1 1 -1 -1 -1 1 -1
-1 1 -1 1 1 1 -1 -1 -1 -1 1 1 -1 1 1 1 -1 -1 -1 1 -3 -1 1 -1
-1 1 -1 1 1 1 -1 1 -1 -1 1 1 1 1 -1 -1 -1 1 1 -1 -1 -1 -3 -1
-1 1 -1 1 1 1 -1 1 1 -1 -1 -1 -1 -3 1 1 1 -1 -1 1 -1 1 -1 -1
-1 1 -1 1 1 1 1 -1 -1 -1 -1 -3 1 1 1 1 1 -1 1 -1 -1 -1 -1 -1
-1 1 -1 1 3 1 1 1 1 -1 -1 -1 1 -1 -1 -1 -1 1 1 1 1 -1 1 -1
-1 1 1 -1 -1 -3 -1 1 1 1 1 -1 -1 -1 1 1 -1 1 -1 -1 -1 -1 1 1
-1 1 1 -1 -1 -1 -1 1 1 -1 -1 1 1 -1 -1 1 1 -1 -3 1 1 -1 1 -1
-1 1 1 -1 -1 -1 1 3 1 -1 -1 -1 -1 1 -1 -1 -1 -1 1 1 -1 -1 1 -1
-1 1 1 -1 -1 1 -1 -1 -1 1 -1 -1 -1 1 -3 -1 -1 -1 -1 -1 1 -1 1 -1
-1 1 1 -1 -1 1 1 -1 -1 1 1 1 -3 -1 1 1 -1 1 1 1 -1 1 1 1
-1 1 1 -1 -1 3 -1 1 1 1 1 1 -1 -1 -1 -1 1 1 1 -1 1 -1 -1 1
-1 1 1 -1 1 -1 -1 1 -1 1 -1 1 -1 -1 1 -1 -1 -1 3 -1 -1 -1 -1 1
-1 1 1 -1 1 -1 -1 1 1 1 -1 -1 -1 -1 1 -1 -1 1 1 1 1 3 1 -1
-1 1 1 -1 1 -1 1 -1 -1 -1 1 -1 -1 1 1 -1 1 -3 -1 1 1 -1 1 -1
-1 1 1 -1 1 1 -1 -1 -1 -1 1 1 -1 1 1 -1 3 1 -1 -1 -1 1 1 1
-1 1 1 -1 1 1 -1 -1 1 1 -1 1 1 -1 1 -1 1 -1 1 -1 1 -1 3 -1
-1 1 1 -1 1 1 1 -1 -1 -1 -1 1 1 -3 1 -1 1 1 1 1 1 1 -1 1
-1 1 1 -1 1 1 1 1 1 -1 1 -1 1 1 1 -1 -1 1 1 -3 -1 -1 1 1
-1 1 1 1 -1 -3 -1 -1 -1 1 1 1 -1 1 -1 -1 -1 -1 1 1 -1 1 1 -1
-1 1 1 1 -1 -1 -1 3 -1 -1 1 1 -1 -1 -1 -1 1 -1 -1 -1 -1 1 -1 1
-1 1 1 1 -1 -1 1 -1 3 -1 -1 1 1 -1 -1 -1 -1 -1 1 1 1 1 1 1
-1 1 1 1 -1 1 1 -1 -1 -1 -1 1 1 1 1 -1 -1 1 3 1 -1 -1 1 -1
-1 1 1 1 -1 1 1 -1 1 -1 1 -1 -1 1 -1 -3 1 -1 1 -1 -1 1 -1 -1
-1 1 1 1 -1 1 1 1 1 -1 -3 -1 1 1 1 -1 1 1 -1 1 1 1 -1 -1
-1 1 1 1 -1 3 1 1 -1 -1 1 -1 1 1 -1 1 -1 -1 -1 -1 1 1 -1 1
-1 1 1 1 1 -1 -1 -1 1 -1 1 1 1 -1 -1 1 1 1 1 -1 -1 -1 -1 3
-1 1 1 1 1 -1 -1 1 1 3 1 1 -1 -1 1 -1 1 -1 -1 1 1 -1 -1 -1
-1 1 1 1 1 -1 1 -1 1 1 -1 -1 -1 1 1 -1 -1 1 -1 -1 -1 -1 1 -3
-1 1 1 1 1 1 -1 1 -1 -1 1 1 -1 -1 3 1 -1 1 -1 -1 1 -1 -1 1
-1 1 1 1 1 1 1 -1 1 1 1 1 1 1 1 -1 -1 1 1 -1 3 1 -1 -1
-1 1 1 1 1 1 1 1 1 1 -1 3 1 -1 1 1 -1 1 -1 1 -1 1 1 -1
-1 1 1 1 3 -1 1 -1 1 1 1 -1 -1 -1 -1 1 -1 -1 -1 1 -1 1 1 1
-1 1 1 3 1 -1 1 -1 -1 -1 -1 1 1 -1 -1 -1 1 -1 -1 1 -1 -1 -1 -1
-1 1 3 -1 -1 1 -1 1 -1 1 1 1 1 1 1 -1 -1 -1 -1 1 -1 -1 1 1
-1 3 -1 -1 1 -1 1 -1 1 1 -1 -1 1 -1 -1 -1 1 -1 -1 -1 1 1 -1 -1
-1 3 -1 1 1 1 1 1 1 1 1 1 -1 1 1 1 1 -1 1 -1 -1 1 -1 1
-1 3 1 1 1 1 -1 1 -1 1 1 -1 1 -1 -1 1 1 1 -1 -1 -1 -1 1 -1
0 -2 -2 0 -2 2 -2 -2 0 0 0 0 0 0 0 0 0 -2 0 0 0 0 2 0
0 -2 -2 0 0 0 0 2 0 0 2 0 0 0 -2 0 0 2 0 0 2 -2 0 0
0 -2 -2 0 2 0 -2 0 0 2 -2 0 0 2 0 0 0 0 0 0 0 2 0 0
0 -2 0 -2 0 0 0 2 0 0 0 0 2 0 0 0 -2 0 0 2 -2 2 0 0
0 -2 0 0 -2 -2 -2 0 2 0 2 0 2 0 0 0 0 0 2 0 0 0 0 0
0 -2 0 0 0 0 -2 2 2 0 0 0 0 0 2 0 0 2 -2 0 0 0 0 -2
0 -2 0 0 0 0 0 -2 2 2 2 0 -2 0 0 0 0 0 0 0 0 2 0 -2
0 -2 0 0 0 0 0 0 -2 0 -2 0 0 0 0 -2 2 0 2 0 0 0 2 2
0 -2 0 0 0 0 0 0 -2 2 0 0 2 0 0 0 -2 -2 -2 -2 0 0 0 0
0 -2 0 0 0 0 0 0 0 2 2 -2 0 0 2 -2 0 0 0 0 0 -2 2 0
0 -2 0 0 0 0 0 2 -2 0 0 0 0 0 0 -2 0 -2 0 2 0 -2 -2 0
0 -2 0 0 0 0 2 -2 0 0 2 0 2 -2 0 0 0 -2 0 2 0 0 0 0
0 -2 0 0 0 0 2 0 -2 0 0 0 -2 0 0 2 0 0 0 -2 2 0 0 2
0 -2 0 0 2 -2 0 0 2 0 0 0 0 0 0 0 -2 0 0 -2 2 0 2 0
0 -2 0 0 2 0 0 0 0 0 0 0 0 0 2 2 0 -2 0 0 2 0 -2 -2
0 -2 0 0 2 0 0 0 0 0 2 -2 2 2 0 2 0 0 0 0 0 0 0 2
0 -2 0 0 2 0 0 0 2 0 0 2 0 0 -2 2 0 0 2 2 0 0 0 0
0 -2 0 0 2 2 0 2 0 0 2 2 0 0 0 0 0 0 0 -2 0 2 0 0
0 -2 0 2 -2 0 0 0 -2 0 2 0 0 0 0 -2 0 0 0 0 2 2 0 0
0 -2 0 2 0 -2 0 0 -2 0 0 0 0 0 0 0 0 0 2 -2 0 -2 0 -2
0 -2 0 2 0 0 0 2 0 -2 -2 2 0 -2 0 0 0 0 0 0 2 0 0 0
0 -2 0 2 2 0 0 0 0 -2 0 -2 -2 0 0 0 0 0 -2 0 0 -2 0 0
0 -2 2 -2 2 0 2 0 0 0 0 0 0 0 0 -2 0 0 2 0 0 0 0 -2
0 -2 2 0 0 2 0 0 2 0 0 0 0 0 0 -2 0 -2 -2 0 2 0 0 0
0 -2 2 2 0 0 2 0 2 0 0 0 2 0 0 0 0 2 0 0 0 -2 0 0
0 0 -2 -2 0 -2 0 2 0 0 -2 -2 0 0 2 0 0 0 0 0 0 0 -2 0
0 0 -2 -2 0 0 -2 0 0 0 2 2 2 2 0 0 0 0 -2 0 0 0 0 0
0 0 -2 -2 0 0 -2 0 2 -2 0 0 0 -2 0 -2 0 0 0 0 2 0 0 0
0 0 -2 -2 2 0 0 0 -2 0 0 0 2 0 0 0 0 0 2 -2 2 0 0 0
0 0 -2 -2 2 0 0 0 0 0 0 2 -2 0 0 0 0 2 0 0 0 0 -2 2
0 0 -2 0 -2 -2 0 0 0 -2 0 2 0 0 0 0 2 0 0 0 0 2 2 0
0 0 -2 0 0 -2 0 0 0 2 -2 0 0 0 -2 0 0 0 0 -2 0 -2 0 2
0 0 -2 0 0 0 -2 2 0 0 0 2 0 0 0 0 -2 0 2 0 0 0 2 -2
0 0 -2 0 0 0 0 -2 0 0 0 -2 0 0 2 -2 2 0 0 2 0 2 0 0
0 0 -2 0 0 0 0 0 -2 0 0 0 2 0 0 0 2 0 0 2 0 -2 2 -2
0 0 -2 0 0 0 0 0 0 0 0 -2 2 0 0 0 -2 2 -2 0 -2 -2 0 0
0 0 -2 0 0 0 0 2 2 2 0 0 0 0 0 -2 0 0 2 2 0 0 0 2
0 0 -2 0 0 0 2 0 0 0 -2 0 0 2 0 2 2 0 0 2 0 0 0 2
0 0 -2 0 0 0 2 0 0 0 2 0 0 -2 0 -2 2 0 0 -2 0 0 0 2
0 0 -2 0 0 2 -2 2 0 -2 0 -2 0 2 0 0 0 0 0 2 0 0 0 0
0 0 -2 0 0 2 0 0 -2 -2 0 0 -2 -2 0 0 0 0 2 0 0 -2 0 0
0 0 -2 0 0 2 0 0 0 0 -2 0 0 0 0 0 -2 -2 0 0 -2 0 -2 2
0 0 -2 0 2 0 0 0 0 0 0 2 0 -2 0 0 0 0 -2 -2 0 -2 0 -2
0 0 -2 0 2 0 0 2 0 0 0 0 -2 0 2 0 2 0 0 0 2 0 2 0
0 0 -2 0 2 0 2 0 0 2 0 0 0 0 0 0 0 0 0 2 -2 0 -2 -2
0 0 -2 2 0 0 -2 0 -2 2 0 0 0 -2 0 -2 0 0 0 0 -2 0 0 0
0 0 -2 2 0 0 0 0 2 0 0 2 0 0 0 -2 0 0 -2 0 0 2 -2 0
0 0 -2 2 2 0 0 2 -2 0 0 0 0 0 -2 2 0 -2 0 0 0 0 0 0
0 0 0 -2 0 0 -2 0 -2 0 2 0 0 0 0 -2 0 2 2 2 0 0 0 0
0 0 0 -2 0 0 -2 0 0 2 0 -2 2 0 0 0 0 -2 0 2 2 0 0 0
0 0 0 -2 0 0 0 -2 -2 0 0 0 0 0 2 0 -2 0 -2 2 0 0 -2 0
0 0 0 -2 0 0 0 -2 0 0 -2 0 -2 2 0 0 2 0 0 0 0 0 -2 -2
0 0 0 -2 0 0 0 -2 0 0 0 0 0 -2 -2 2 0 0 0 0 2 -2 -2 0
0 0 0 -2 0 0 0 0 0 0 -2 2 0 0 2 0 0 0 -2 -2 2 2 0 0
0 0 0 -2 0 0 0 2 0 2 0 0 0 2 0 -2 2 -2 0 -2 0 0 0 0
0 0 0 -2 0 0 2 0 0 0 0 2 -2 0 -2 0 2 0 0 0 0 -2 2 0
0 0 0 -2 0 2 0 0 -2 0 2 0 0 -2 0 0 0 0 -2 0 2 0 2 0
0 0 0 -2 0 2 0 0 0 -2 0 0 2 0 0 0 -2 -2 0 0 0 -2 0 -2
0 0 0 -2 2 -2 0 0 0 0 0 0 0 2 -2 0 -2 -2 0 0 0 0 -2 0
0 0 0 -2 2 0 0 -2 0 0 0 -2 -2 -2 2 0 0 0 0 -2 0 0 0 0
0 0 0 -2 2 0 0 0 0 0 0 -2 0 2 0 -2 0 2 -2 0 2 0 0 0
0 0 0 -2 2 0 0 0 2 2 2 0 2 -2 0 0 0 2 0 0 0 0 0 0
0 0 0 0 -2 -2 0 0 -2 0 -2 0 0 -2 0 0 -2 0 0 0 0 2 0 2
0 0 0 0 -2 0 -2 0 0 0 0 -2 -2 0 2 0 0 0 2 0 -2 0 0 -2
0 0 0 0 -2 0 0 0 0 2 0 0 2 -2 2 0 0 0 0 0 0 -2 -2 2
0 0 0 0 -2 0 0 0 0 2 2 2 0 0 0 0 0 2 0 0 -2 -2 0 -2
0 0 0 0 -2 0 2 0 2 2 2 0 0 0 -2 2 0 0 0 0 0 0 0 2
0 0 0 0 -2 2 0 0 2 0 0 0 2 2 2 2 0 0 0 0 -2 0 0 0
0 0 0 0 -2 2 2 0 0 0 0 -2 -2 2 0 0 0 2 0 0 0 -2 0 0
0 0 0 0 0 -2 0 -2 2 0 2 0 0 0 -2 -2 0 0 -2 0 0 -2 0 0
0 0 0 0 0 -2 0 0 -2 2 2 0 2 0 -2 0 2 0 0 0 0 0 -2 0
0 0 0 0 0 -2 0 0 0 0 0 0 0 -2 -2 0 0 2 -2 0 -2 2 0 -2
0 0 0 0 0 -2 0 0 0 2 0 -2 0 0 0 2 0 -2 2 -2 0 2 0 0
0 0 0 0 0 -2 2 0 -2 2 0 0 0 0 2 0 0 0 2 2 2 0 0 0
0 0 0 0 0 -2 2 0 0 0 0 2 0 0 0 0 -2 0 0 2 -2 -2 0 2
0 0 0 0 0 0 -4 0 0 0 0 0 0 0 0 0 0 0 0 0 0 -4 0 0
0 0 0 0 0 0 -2 -2 2 2 -2 0 0 -2 0 0 -2 0 -2 0 0 0 0 0
0 0 0 0 0 0 0 -2 0 -2 0 2 -2 -2 0 0 0 -2 -2 0 0 0 0 2
0 0 0 0 0 0 0 0 -4 0 0 4 0 0 0 0 0 0 0 0 0 0 0 0
0 0 0 0 0 0 0 0 0 0 0 -2 0 -2 0 -2 2 2 0 0 0 -2 -2 -2
0 0 0 0 0 0 0 0 0 0 0 2 0 2 0 2 -2 -2 0 0 0 2 2 2
0 0 0 0 0 0 0 0 4 0 0 -4 0 0 0 0 0 0 0 0 0 0 0 0
0 0 0 0 0 0 0 2 0 2 0 -2 2 2 0 0 0 2 2 0 0 0 0 -2
0 0 0 0 0 0 2 2 -2 -2 2 0 0 2 0 0 2 0 2 0 0 0 0 0
0 0 0 0 0 0 4 0 0 0 0 0 0 0 0 0 0 0 0 0 0 4 0 0
0 0 0 0 0 2 -2 0 0 0 0 -2 0 0 0 0 2 0 0 -2 2 2 0 -2
0 0 0 0 0 2 -2 0 2 -2 0 0 0 0 -2 0 0 0 -2 -2 -2 0 0 0
0 0 0 0 0 2 0 0 0 -2 0 2 0 0 0 -2 0 2 -2 2 0 -2 0 0
0 0 0 0 0 2 0 0 0 0 0 0 0 2 2 0 0 -2 2 0 2 -2 0 2
0 0 0 0 0 2 0 0 2 -2 -2 0 -2 0 2 0 -2 0 0 0 0 0 2 0
0 0 0 0 0 2 0 2 -2 0 -2 0 0 0 2 2 0 0 2 0 0 2 0 0
0 0 0 0 2 -2 -2 0 0 0 0 2 2 -2 0 0 0 -2 0 0 0 2 0 0
0 0 0 0 2 -2 0 0 -2 0 0 0 -2 -2 -2 -2 0 0 0 0 2 0 0 0
0 0 0 0 2 0 -2 0 -2 -2 -2 0 0 0 2 -2 0 0 0 0 0 0 0 -2
0 0 0 0 2 0 0 0 0 -2 -2 -2 0 0 0 0 0 -2 0 0 2 2 0 2
0 0 0 0 2 0 0 0 0 -2 0 0 -2 2 -2 0 0 0 0 0 0 2 2 -2
0 0 0 0 2 0 2 0 0 0 0 2 2 0 -2 0 0 0 -2 0 2 0 0 2
0 0 0 0 2 2 0 0 2 0 2 0 0 2 0 0 2 0 0 0 0 -2 0 -2
0 0 0 2 -2 0 0 0 -2 -2 -2 0 -2 2 0 0 0 -2 0 0 0 0 0 0
0 0 0 2 -2 0 0 0 0 0 0 2 0 -2 0 2 0 -2 2 0 -2 0 0 0
0 0 0 2 -2 0 0 2 0 0 0 2 2 2 -2 0 0 0 0 2 0 0 0 0
0 0 0 2 -2 2 0 0 0 0 0 0 0 -2 2 0 2 2 0 0 0 0 2 0
0 0 0 2 0 -2 0 0 0 2 0 0 -2 0 0 0 2 2 0 0 0 2 0 2
0 0 0 2 0 -2 0 0 2 0 -2 0 0 2 0 0 0 0 2 0 -2 0 -2 0
0 0 0 2 0 0 -2 0 0 0 0 -2 2 0 2 0 -2 0 0 0 0 2 -2 0
0 0 0 2 0 0 0 -2 0 -2 0 0 0 -2 0 2 -2 2 0 2 0 0 0 0
0 0 0 2 0 0 0 0 0 0 2 -2 0 0 -2 0 0 0 2 2 -2 -2 0 0
0 0 0 2 0 0 0 2 0 0 0 0 0 2 2 -2 0 0 0 0 -2 2 2 0
0 0 0 2 0 0 0 2 0 0 2 0 2 -2 0 0 -2 0 0 0 0 0 2 2
0 0 0 2 0 0 0 2 2 0 0 0 0 0 -2 0 2 0 2 -2 0 0 2 0
0 0 0 2 0 0 2 0 0 -2 0 2 -2 0 0 0 0 2 0 -2 -2 0 0 0
0 0 0 2 0 0 2 0 2 0 -2 0 0 0 0 2 0 -2 -2 -2 0 0 0 0
0 0 2 -2 -2 0 0 -2 2 0 0 0 0 0 2 -2 0 2 0 0 0 0 0 0
0 0 2 -2 0 0 0 0 -2 0 0 -2 0 0 0 2 0 0 2 0 0 -2 2 0
0 0 2 -2 0 0 2 0 2 -2 0 0 0 2 0 2 0 0 0 0 2 0 0 0
0 0 2 0 -2 0 -2 0 0 -2 0 0 0 0 0 0 0 0 0 -2 2 0 2 2
0 0 2 0 -2 0 0 -2 0 0 0 0 2 0 -2 0 -2 0 0 0 -2 0 -2 0
0 0 2 0 -2 0 0 0 0 0 0 -2 0 2 0 0 0 0 2 2 0 2 0 2
0 0 2 0 0 -2 0 0 0 0 2 0 0 0 0 0 2 2 0 0 2 0 2 -2
0 0 2 0 0 -2 0 0 2 2 0 0 2 2 0 0 0 0 -2 0 0 2 0 0
0 0 2 0 0 -2 2 -2 0 2 0 2 0 -2 0 0 0 0 0 -2 0 0 0 0
0 0 2 0 0 0 -2 0 0 0 -2 0 0 2 0 2 -2 0 0 2 0 0 0 -2
0 0 2 0 0 0 -2 0 0 0 2 0 0 -2 0 -2 -2 0 0 -2 0 0 0 -2
0 0 2 0 0 0 0 -2 -2 -2 0 0 0 0 0 2 0 0 -2 -2 0 0 0 -2
0 0 2 0 0 0 0 0 0 0 0 2 -2 0 0 0 2 -2 2 0 2 2 0 0
0 0 2 0 0 0 0 0 2 0 0 0 -2 0 0 0 -2 0 0 -2 0 2 -2 2
0 0 2 0 0 0 0 2 0 0 0 2 0 0 -2 2 -2 0 0 -2 0 -2 0 0
0 0 2 0 0 0 2 -2 0 0 0 -2 0 0 0 0 2 0 -2 0 0 0 -2 2
0 0 2 0 0 2 0 0 0 -2 2 0 0 0 2 0 0 0 0 2 0 2 0 -2
0 0 2 0 2 2 0 0 0 2 0 -2 0 0 0 0 -2 0 0 0 0 -2 -2 0
0 0 2 2 -2 0 0 0 0 0 0 -2 2 0 0 0 0 -2 0 0 0 0 2 -2
0 0 2 2 -2 0 0 0 2 0 0 0 -2 0 0 0 0 0 -2 2 -2 0 0 0
0 0 2 2 0 0 2 0 -2 2 0 0 0 2 0 2 0 0 0 0 -2 0 0 0
0 0 2 2 0 0 2 0 0 0 -2 -2 -2 -2 0 0 0 0 2 0 0 0 0 0
0 0 2 2 0 2 0 -2 0 0 2 2 0 0 -2 0 0 0 0 0 0 0 2 0
0 2 -2 -2 0 0 -2 0 -2 0 0 0 -2 0 0 0 0 -2 0 0 0 2 0 0
0 2 -2 0 0 -2 0 0 -2 0 0 0 0 0 0 2 0 2 2 0 -2 0 0 0
0 2 -2 2 -2 0 -2 0 0 0 0 0 0 0 0 2 0 0 -2 0 0 0 0 2
0 2 0 -2 -2 0 0 0 0 2 0 2 2 0 0 0 0 0 2 0 0 2 0 0
0 2 0 -2 0 0 0 -2 0 2 2 -2 0 2 0 0 0 0 0 0 -2 0 0 0
0 2 0 -2 0 2 0 0 2 0 0 0 0 0 0 0 0 0 -2 2 0 2 0 2
0 2 0 -2 2 0 0 0 2 0 -2 0 0 0 0 2 0 0 0 0 -2 -2 0 0
0 2 0 0 -2 -2 0 -2 0 0 -2 -2 0 0 0 0 0 0 0 2 0 -2 0 0
0 2 0 0 -2 0 0 0 -2 0 0 -2 0 0 2 -2 0 0 -2 -2 0 0 0 0
0 2 0 0 -2 0 0 0 0 0 -2 2 -2 -2 0 -2 0 0 0 0 0 0 0 -2
0 2 0 0 -2 0 0 0 0 0 0 0 0 0 -2 -2 0 2 0 0 -2 0 2 2
0 2 0 0 -2 2 0 0 -2 0 0 0 0 0 0 0 2 0 0 2 -2 0 -2 0
0 2 0 0 0 0 -2 0 2 0 0 0 2 0 0 -2 0 0 0 2 -2 0 0 -2
0 2 0 0 0 0 -2 2 0 0 -2 0 -2 2 0 0 0 2 0 -2 0 0 0 0
0 2 0 0 0 0 0 -2 2 0 0 0 0 0 0 2 0 2 0 -2 0 2 2 0
0 2 0 0 0 0 0 0 0 -2 -2 2 0 0 -2 2 0 0 0 0 0 2 -2 0
0 2 0 0 0 0 0 0 2 -2 0 0 -2 0 0 0 2 2 2 2 0 0 0 0
0 2 0 0 0 0 0 0 2 0 2 0 0 0 0 2 -2 0 -2 0 0 0 -2 -2
0 2 0 0 0 0 0 2 -2 -2 -2 0 2 0 0 0 0 0 0 0 0 -2 0 2
0 2 0 0 0 0 2 -2 -2 0 0 0 0 0 -2 0 0 -2 2 0 0 0 0 2
0 2 0 0 2 2 2 0 -2 0 -2 0 -2 0 0 0 0 0 -2 0 0 0 0 0
0 2 0 2 0 0 0 -2 0 0 0 0 -2 0 0 0 2 0 0 -2 2 -2 0 0
0 2 2 0 -2 0 2 0 0 -2 2 0 0 -2 0 0 0 0 0 0 0 -2 0 0
0 2 2 0 0 0 0 -2 0 0 -2 0 0 0 2 0 0 -2 0 0 -2 2 0 0
0 2 2 0 2 -2 2 2 0 0 0 0 0 0 0 0 0 2 0 0 0 0 -2 0
1 -3 -1 -1 -1 -1 1 -1 1 -1 -1 1 -1 1 1 -1 -1 -1 1 1 1 1 -1 1
1 -3 1 -1 -1 -1 -1 -1 -1 -1 -1 -1 1 -1 -1 -1 -1 1 -1 1 1 -1 1 -1
1 -3 1 1 -1 1 -1 1 -1 -1 1 1 -1 1 1 1 -1 1 1 1 -1 -1 1 1
1 -1 -3 1 1 -1 1 -1 1 -1 -1 -1 -1 -1 -1 1 1 1 1 -1 1 1 -1 -1
1 -1 -1 -3 -1 1 -1 1 1 1 1 -1 -1 1 1 1 -1 1 1 -1 1 1 1 1
1 -1 -1 -1 -3 1 -1 1 -1 -1 -1 1 1 1 1 -1 1 1 1 -1 1 -1 -1 -1
1 -1 -1 -1 -1 -1 -1 -1 -1 -1 1 -3 -1 1 -1 -1 1 -1 1 -1 1 -1 -1 1
1 -1 -1 -1 -1 -1 -1 1 -1 -1 -1 -1 -1 -1 -1 1 1 -1 -1 1 -3 -1 1 1
1 -1 -1 -1 -1 -1 1 -1 1 1 -1 -1 1 1 -3 -1 1 -1 1 1 -1 1 1 -1
1 -1 -1 -1 -1 1 -1 1 -1 -1 1 1 1 -1 -1 1 1 -1 1 1 1 1 -1 3
1 -1 -1 -1 -1 1 1 -1 -1 -3 -1 -1 1 1 -1 1 -1 1 1 -1 -1 1 1 1
1 -1 -1 -1 -1 1 1 1 -1 1 -1 -1 -1 1 1 -1 -1 -1 -1 1 1 1 1 -3
1 -1 -1 -1 1 -3 -1 -1 1 1 -1 1 -1 -1 1 -1 1 1 1 1 -1 -1 1 -1
1 -1 -1 -1 1 -1 -1 -1 -1 1 3 1 -1 -1 -1 1 -1 -1 1 -1 -1 -1 1 1
1 -1 -1 -1 1 -1 -1 1 -1 1 -1 1 1 -1 1 3 -1 1 -1 1 1 -1 1 1
1 -1 -1 -1 1 -1 -1 1 1 1 1 -1 -1 -1 -1 1 1 -1 -3 -1 1 1 -1 1
1 -1 -1 -1 1 1 -1 1 -3 1 1 -1 -1 1 1 1 1 1 -1 -1 -1 -1 -1 -1
1 -1 -1 -1 1 1 1 -3 1 1 -1 -1 1 1 1 1 -1 1 1 1 1 -1 1 -1
1 -1 -1 -1 1 3 1 1 1 -1 -1 -1 1 -1 1 1 1 1 -1 -1 1 -1 -1 1
1 -1 -1 1 -1 -1 -1 -1 -1 1 -1 1 -1 -1 -1 1 1 -1 -1 3 1 1 -1 -1
1 -1 -1 1 -1 -1 -1 1 1 1 1 -1 -1 3 -1 1 -1 -1 -1 -1 -1 -1 1 -1
1 -1 -1 1 -1 -1 1 1 -1 -1 1 -1 -1 1 -1 1 -1 1 -1 1 -1 1 -3 1
1 -1 -1 1 -1 -1 1 1 1 1 -1 -1 1 -1 -1 1 -3 -1 1 1 1 -1 -1 -1
1 -1 -1 1 -1 1 -1 1 1 1 -1 1 1 -1 -1 1 -1 3 1 -1 -1 1 -1 1
1 -1 -1 1 -1 1 1 -1 -1 -1 1 1 1 1 -1 1 1 -1 -1 -1 -1 -3 -1 1
1 -1 -1 1 -1 1 1 -1 1 -1 1 -1 1 1 -1 1 1 1 -3 1 1 1 1 -1
1 -1 -1 1 1 -3 1 -1 -1 -1 -1 -1 1 1 1 1 -1 -1 -1 1 -1 1 1 -1
1 -1 -1 1 1 -1 -1 1 1 -1 -1 -1 3 1 -1 -1 1 -1 -1 -1 1 -1 -1 -1
1 -1 -1 1 1 -1 1 1 1 -1 1 1 1 -1 3 1 1 1 1 1 -1 1 -1 1
1 -1 -1 1 1 1 -1 -3 -1 1 1 1 1 -1 1 1 1 1 -1 -1 1 1 -1 1
1 -1 -1 1 1 1 1 -1 -1 1 1 -1 -1 1 1 -1 -1 1 3 -1 -1 1 -1 1
1 -1 -1 1 1 3 1 -1 -1 -1 -1 1 1 1 -1 -1 1 -1 1 1 1 1 -1 -1
1 -1 1 -1 -3 -1 -1 -1 -1 1 1 1 -1 1 1 1 1 -1 -1 -1 -1 1 -1 1
1 -1 1 -1 -1 -1 -1 1 1 1 1 3 -1 -1 -1 -1 -1 1 -1 1 1 1 1 1
1 -1 1 -1 -1 -1 1 -1 -1 1 1 1 1 3 -1 -1 -1 1 1 -1 1 -1 1 1
1 -1 1 -1 -1 -1 1 -1 1 1 -1 -1 -1 -1 1 1 1 -1 -1 1 1 1 3 1
1 -1 1 -1 -1 -1 1 1 1 1 -1 -1 1 -1 -1 -1 1 1 1 -1 3 1 -1 1
1 -1 1 -1 -1 1 -1 1 -1 -1 -1 -1 -3 -1 1 -1 1 1 -1 1 1 1 -1 1
1 -1 1 -1 -1 1 -1 1 -1 1 -1 1 1 1 -1 1 1 1 -1 -1 -1 1 3 -1
1 -1 1 -1 -1 1 1 -1 1 -1 1 1 1 -1 -1 1 3 1 1 -1 -1 1 -1 -1
1 -1 1 -1 -1 1 1 1 -1 -1 1 -1 -1 -1 1 -1 -1 -3 1 -1 -1 1 1 1
1 -1 1 -1 -1 1 1 3 1 1 1 1 1 -1 1 1 1 -1 1 1 1 -1 1 -1
1 -1 1 -1 1 -1 -3 -1 1 -1 1 -1 -1 1 1 -1 -1 -1 -1 1 -1 1 1 1
1 -1 1 -1 1 -1 -1 -1 1 -1 1 -1 -1 1 -1 1 -1 3 1 -1 -1 -1 -1 -1
1 -1 1 -1 1 -1 1 1 1 1 1 -1 -3 1 1 1 1 -1 1 1 -1 -1 -1 1
1 -1 1 -1 1 1 1 -1 1 -1 1 -1 -1 -1 -1 -1 -1 1 1 1 1 -1 1 3
1 -1 1 -1 1 1 1 -1 1 1 1 1 -1 1 1 1 -1 1 -3 -1 -1 -1 1 1
1 -1 1 1 -1 -1 -1 -1 1 -1 -1 3 1 1 1 -1 -1 -1 -1 -1 -1 -1 1 -1
1 -1 1 1 -1 -1 -1 -1 1 1 1 -1 -1 1 1 1 -1 1 -1 1 3 -1 -1 1
1 -1 1 1 -1 -1 1 1 -1 1 -1 1 -1 1 -1 -1 1 1 -3 -1 1 -1 -1 -1
1 -1 1 1 -1 1 -1 -1 -1 1 1 -3 -1 -1 -1 1 -1 1 -1 -1 -1 1 1 1
1 -1 1 1 -1 1 -1 -1 1 -3 -1 -1 1 -1 1 -1 1 -1 1 1 -1 -1 -1 1
1 -1 1 1 -1 1 -1 -1 1 3 -1 1 1 1 -1 1 1 -1 1 -1 1 -1 -1 -1
1 -1 1 1 1 -1 -1 -1 1 1 1 -1 1 -1 1 1 1 -1 -1 -1 -3 -1 -1 -1
1 -1 1 1 1 -1 -1 1 -1 1 -1 1 -3 -1 1 1 -1 -1 -1 -1 -1 1 1 -1
1 -1 1 1 1 -1 -1 1 1 -1 1 1 -1 1 1 -3 1 1 1 -1 1 -1 -1 1
1 -1 1 1 1 1 -1 1 -1 -1 -1 1 1 1 1 1 1 -1 -3 1 -1 1 -1 1
1 -1 1 1 1 1 1 1 -1 -1 -1 -1 1 -1 -1 -3 -1 1 -1 -1 -1 1 -1 1
1 -1 1 1 1 1 1 1 -1 1 1 1 -1 -3 -1 1 1 1 -1 1 -1 -1 -1 1
1 -1 1 1 1 1 1 3 1 1 -1 -1 -1 1 -1 1 -1 1 -1 1 1 1 1 1
1 -1 1 1 3 -1 -1 1 -1 1 1 1 1 1 -1 -1 -1 1 -1 1 -1 -1 1 -1
1 -1 1 1 3 1 1 -1 -1 -1 -1 1 1 -1 1 1 -1 -1 1 -1 -1 -1 1 1
1 -1 3 1 -1 -1 -1 1 -1 1 -1 1 1 -1 1 -1 1 1 1 1 -1 1 -1 -1
1 1 -3 -1 -1 1 -1 1 1 1 1 -1 1 -1 -1 1 1 -1 1 -1 -1 -1 -1 -1
1 1 -3 1 1 1 -1 -1 1 -1 -1 1 1 1 1 -1 1 1 1 -1 -1 -1 1 1
1 1 -1 -1 -1 -1 -1 1 1 -3 1 1 -1 1 1 1 -1 -1 1 -1 -1 -1 -1 1
1 1 -1 -1 -1 1 -1 -1 -1 3 -1 1 -1 1 1 -1 1 1 -1 1 1 -1 1 1
1 1 -1 -1 -1 1 1 -1 -1 1 -1 1 -1 1 1 1 -1 -1 1 -3 -1 -1 1 -1
1 1 -1 -1 -1 1 1 1 3 1 -1 1 1 1 -1 -1 -1 1 -1 -1 1 -1 1 -1
1 1 -1 -1 1 -3 1 1 1 -1 1 -1 1 -1 -1 1 1 -1 1 1 1 -1 1 1
1 1 -1 -1 1 -1 -1 1 1 -1 1 -1 1 1 -1 -1 1 1 1 -1 -1 3 -1 1
1 1 -1 -1 1 -1 1 -1 1 -1 -1 1 1 -1 1 -1 -3 1 1 -1 -1 1 -1 -1
1 1 -1 -1 1 1 -1 1 1 1 1 -1 -3 -1 -1 -1 -1 1 -1 1 -1 -1 1 -1
1 1 -1 -1 1 1 -1 3 -1 1 -1 1 1 -1 -1 -1 1 1 -1 1 1 1 -1 -1
1 1 -1 -1 1 1 1 1 1 1 -1 1 -1 -3 -1 1 -1 -1 1 -1 1 1 1 1
1 1 -1 -1 1 3 1 1 -1 1 1 1 1 1 -1 1 -1 1 1 1 -1 -1 1 1
1 1 -1 -1 3 1 -1 -1 -1 -1 1 -1 1 -1 -1 -1 1 -1 -1 1 -1 -1 -1 1
1 1 -1 1 -1 -3 -1 1 -1 -1 1 1 1 -1 1 -1 -1 1 -1 1 1 -1 -1 -1
1 1 -1 1 -1 -1 -1 -1 1 1 1 1 -1 -1 3 -1 -1 -1 1 -1 1 1 1 1
1 1 -1 1 -1 -1 1 1 -1 -1 -1 -1 -1 -1 -1 1 -1 1 -1 -1 1 -1 3 -1
1 1 -1 1 -1 -1 1 1 -1 1 3 -1 -1 -1 1 1 1 -1 -1 1 -1 1 1 -1
1 1 -1 1 -1 1 -1 -1 -1 -1 3 -1 1 1 1 1 -1 1 1 -1 1 -1 1 -1
1 1 -1 1 -1 1 1 -1 -1 1 1 1 -1 -1 -1 -1 -3 1 -1 -1 1 -1 -1 1
1 1 -1 1 -1 1 1 1 1 -1 -1 -1 -1 -1 -3 -1 1 -1 -1 1 1 -1 -1 1
1 1 -1 1 -1 1 1 3 1 -1 1 -1 -1 -1 1 -1 -1 1 1 -1 1 1 -1 -1
1 1 -1 1 1 -1 -1 -1 -1 1 1 -1 1 1 -1 -1 1 -1 -1 -1 1 1 3 1
1 1 -1 1 1 -1 -1 -1 1 -1 -1 -1 -1 -1 -1 -1 -1 -3 1 -1 -1 -1 1 -1
1 1 -1 1 1 3 1 -1 1 1 1 -1 1 -1 1 -1 -1 -1 -1 -1 -1 1 1 -1
1 1 -1 3 -1 1 -1 -1 1 1 -1 -1 -1 1 -1 -1 -1 1 1 1 1 1 1 -1
1 1 -1 3 1 1 1 1 -1 1 1 -1 1 1 1 -1 1 1 -1 1 1 -1 -1 1
1 1 1 -3 -1 1 1 1 -1 -1 1 1 -1 1 -1 -1 -1 1 -1 -1 -1 1 -1 -1
1 1 1 -1 -1 -1 -1 -1 -1 -1 -1 1 1 1 -1 -3 1 -1 -1 1 1 1 -1 1
1 1 1 -1 -1 -1 -1 -1 -1 -1 1 -1 3 -1 1 1 1 1 -1 1 -1 1 1 1
1 1 1 -1 -1 -1 -1 -1 1 1 1 -1 -1 -3 -1 -1 1 -1 1 1 -1 1 -1 1
1 1 1 -1 -1 -1 1 1 -1 -1 -1 1 -1 1 3 1 1 1 -1 1 -1 -1 1 -1
1 1 1 -1 -1 1 -1 1 1 -1 1 -1 1 -1 -3 1 -1 1 1 1 1 1 1 -1
1 1 1 -1 -1 1 1 -1 1 1 1 1 -1 1 -1 -1 -1 -1 1 3 1 -1 -1 -1
1 1 1 -1 -1 1 1 1 1 3 -1 -1 -1 -1 1 1 1 1 -1 -1 -1 1 -1 -1
1 1 1 -1 1 -1 -1 1 -1 -1 1 1 -1 -1 -1 1 1 -1 1 1 -1 -1 -1 -3
1 1 1 -1 1 -1 -1 3 -1 -1 1 -1 1 1 1 1 -1 -1 -1 -1 1 1 1 -1
1 1 1 -1 1 -1 1 1 -1 1 -1 -1 1 -3 1 -1 -1 -1 -1 1 -1 -1 1 -1
1 1 1 -1 1 -1 1 1 3 -1 1 1 -1 -1 1 -1 1 -1 -1 -1 -1 1 1 -1
1 1 1 -1 1 1 1 -1 -1 1 -1 1 3 1 1 -1 1 1 -1 -1 -1 -1 -1 -1
1 1 1 1 -1 -1 -1 1 1 -1 -1 -1 1 -1 1 3 1 1 1 -1 1 -1 -1 -1
1 1 1 1 -1 -1 1 -1 1 1 1 1 1 1 1 -1 3 -1 1 1 -1 -1 1 1
1 1 1 1 1 -1 -1 -3 1 -1 1 -1 1 1 -1 1 1 -1 1 1 1 1 -1 -1
1 1 1 1 1 -1 -1 -1 -1 1 -1 -1 1 -1 1 -1 -1 3 1 -1 1 -1 1 1
1 1 1 1 1 -1 -1 1 -1 1 -1 -3 -1 1 -1 -1 1 -1 -1 1 -1 1 -1 -1
1 1 1 1 1 -1 1 -1 -1 -1 3 1 1 1 1 -1 -1 -1 -1 -1 -1 1 -1 1
1 1 1 1 1 -1 1 1 -1 1 -3 1 1 1 -1 -1 -1 -1 1 -1 1 1 1 -1
1 1 1 1 1 1 -3 1 1 1 1 1 1 1 1 1 1 1 1 1 1 1 1 1
1 1 1 1 1 1 -1 1 -1 -1 -1 1 -1 -1 -1 -1 -1 -1 1 3 -1 1 1 1
1 1 1 1 1 1 -1 1 1 1 -1 -1 -1 -1 1 -1 1 -1 -1 -1 -1 -1 1 3
1 1 1 1 1 1 1 -1 1 -1 -1 -1 1 3 -1 -1 -1 -1 -1 1 -1 -1 1 1
1 1 1 1 1 1 1 1 1 1 -1 -1 3 -1 -1 1 1 -1 1 1 -1 1 -1 1
1 1 1 1 3 1 -1 -1 1 1 -1 1 -1 -1 -1 -1 1 1 1 -1 -1 1 -1 -1
1 1 1 3 1 -1 1 1 1 -1 1 1 -1 1 1 1 -1 -1 1 1 1 -1 1 -1
1 3 -1 1 1 1 -1 -1 -1 1 -1 1 1 -1 1 1 -1 -1 1 1 1 -1 -1 -1
1 3 1 -1 1 -1 -1 -1 -1 -1 1 1 -1 1 -1 1 -1 1 -1 1 1 -1 1 1
1 3 1 1 -1 -1 -1 1 1 1 1 -1 1 1 -1 -1 -1 -1 1 -1 1 -1 -1 1
2 -2 -2 0 0 0 0 0 0 -2 2 0 0 0 0 -2 0 0 0 0 -2 0 0 -2
2 -2 -2 2 0 0 2 0 0 2 0 2 0 0 0 0 0 0 0 0 0 0 2 0
2 -2 0 0 -2 0 0 0 2 0 0 0 -2 -2 0 0 0 0 0 -2 0 -2 0 0
2 -2 0 0 2 0 -2 2 0 0 0 -2 0 -2 0 0 0 0 2 0 0 0 0 0
2 -2 2 0 0 0 0 0 0 0 -2 -2 0 2 2 0 0 0 0 -2 0 0 0 0
2 -2 2 2 0 -2 0 0 0 0 0 0 0 0 -2 0 0 -2 0 0 0 0 0 2
2 0 -2 -2 -2 0 2 0 0 0 0 0 0 -2 0 0 0 2 0 2 0 0 0 0
2 0 -2 0 0 0 0 0 2 0 0 0 0 0 2 0 0 -2 -2 2 0 -2 0 0
2 0 -2 0 2 0 0 0 0 0 2 0 0 0 0 0 -2 0 0 2 2 2 0 0
2 0 0 -2 0 0 0 -2 2 0 0 0 2 0 0 0 0 -2 0 -2 0 0 0 2
2 0 0 -2 0 2 -2 0 0 0 0 2 0 -2 2 0 0 0 0 0 -2 0 0 0
2 0 0 0 -2 -2 2 2 0 0 0 0 2 0 0 0 0 0 0 -2 -2 0 0 0
2 0 0 0 -2 0 -2 2 2 0 -2 0 0 0 0 0 0 -2 0 0 0 2 0 0
2 0 0 0 -2 0 0 2 -2 2 0 0 -2 0 -2 0 0 0 2 0 0 0 0 0
2 0 0 0 0 -2 0 0 2 -2 -2 0 0 0 0 0 0 2 -2 0 0 0 0 2
2 0 0 0 0 0 -2 -2 0 0 -2 0 -2 0 0 2 0 0 2 0 0 0 0 2
2 0 0 0 0 0 -2 0 -2 0 0 0 2 2 0 0 0 -2 2 0 -2 0 0 0
2 0 0 0 0 0 0 -2 -2 0 0 0 0 -2 0 0 0 0 2 0 0 2 2 -2
2 0 0 0 0 0 0 -2 0 0 0 2 0 2 0 0 0 2 0 2 -2 2 0 0
2 0 0 0 0 0 0 0 -2 0 -2 0 0 -2 0 0 2 -2 0 -2 0 0 -2 0
2 0 0 0 0 0 0 0 0 0 0 2 2 -2 -2 -2 0 0 2 0 0 -2 0 0
2 0 0 0 0 0 0 2 0 2 0 2 0 2 2 0 -2 0 0 0 0 0 -2 0
2 0 0 0 0 0 2 0 0 -2 0 0 2 0 2 -2 0 0 0 0 2 0 2 0
2 0 0 0 0 0 2 0 0 0 2 0 0 0 -2 0 0 -2 0 -2 2 0 0 -2
2 0 0 0 0 2 0 0 0 0 0 2 -2 0 0 2 0 2 0 0 2 0 0 -2
2 0 0 0 2 -2 0 0 0 0 0 2 0 2 0 2 2 0 0 -2 0 0 0 0
2 0 0 0 2 0 2 0 0 0 0 -2 0 0 0 0 2 2 0 0 -2 0 2 0
2 0 0 2 -2 0 2 -2 0 0 0 0 0 0 2 0 0 0 0 0 0 0 -2 -2
2 0 0 2 0 0 -2 0 -2 -2 0 0 0 0 -2 0 2 2 0 0 0 0 0 0
2 0 0 2 0 2 -2 0 0 0 2 0 -2 0 0 0 0 -2 0 0 0 0 -2 0
2 0 0 2 0 2 0 2 0 0 -2 0 0 0 0 0 0 0 0 0 -2 -2 0 -2
2 0 2 -2 2 0 0 0 -2 2 0 0 0 0 0 0 0 0 0 0 0 2 0 2
2 0 2 0 -2 2 2 0 0 0 -2 2 0 0 0 0 0 0 0 0 0 0 0 2
2 0 2 0 0 0 0 -2 -2 0 0 0 -2 0 0 -2 0 0 0 0 -2 -2 0 0
2 0 2 0 0 0 0 0 -2 -2 0 0 0 0 0 0 -2 0 2 0 2 0 -2 0
2 0 2 0 0 0 0 0 2 2 0 0 0 0 0 0 -2 0 2 0 -2 0 2 0
2 0 2 0 2 0 0 0 0 0 -2 0 0 0 0 0 2 0 0 2 2 -2 0 0
2 2 -2 0 0 -2 2 0 0 0 0 0 -2 2 0 -2 0 0 0 0 0 0 0 0
2 2 0 -2 0 0 0 0 0 0 2 0 0 0 2 0 2 0 0 0 2 0 -2 0
2 2 0 -2 0 2 0 0 0 0 -2 -2 0 0 0 -2 0 0 2 0 0 0 0 0
2 2 0 0 0 0 0 0 0 2 0 2 0 0 -2 0 0 -2 -2 0 -2 0 0 0
2 2 0 0 0 0 2 0 0 0 0 -2 0 0 2 2 -2 0 0 0 0 0 0 2
2 2 0 0 0 2 0 0 0 -2 0 0 0 0 0 2 2 -2 0 0 0 0 2 0
2 2 2 2 0 0 0 0 0 0 0 0 0 -2 0 0 0 0 -2 0 2 2 0 0
3 -1 -1 -1 1 1 -1 1 -1 -1 -1 1 -1 1 -1 -1 -1 -1 -1 -1 1 -1 1 1
3 -1 1 -1 -1 1 -1 1 1 1 1 -1 1 1 -1 -1 1 1 -1 1 -1 -1 -1 1
3 -1 1 -1 1 1 1 -1 1 -1 -1 -1 -1 -1 -1 1 -1 -1 -1 1 -1 1 -1 -1
3 1 -1 -1 -1 -1 -1 -1 -1 1 -1 -1 1 1 -1 1 -1 1 -1 -1 1 1 -1 -1
