# S_5 of PackingStar's 31D family (set 5 of 42), |S|=496, in our coordinates
# source: data/external/PackingStar/25D-31D/25D-31D_new_bounds_configurations/31D_238350_coordinates.npy (sha256 9ed11766c8e536c51b69382d5be6ee994ed9a72bc8d3f8f4d9372ebcfaeb9c2e); lifted rows with T-vector(s) [14, 103, 83] of E7
# map: ours[perm[i]] = theirs[i], perm = [0, 1, 2, 3, 4, 5, 15, 20, 6, 19, 16, 12, 8, 18, 22, 23, 11, 9, 13, 10, 14, 7, 21, 17] (data/external/coordinate_map.json)
# written by python/tools/extract_packingstar_families.py on 2026-08-26; rows sorted lexicographically
# sqrt8-integer scaling (squared norm 32); independent set iff all off-diagonal Gram entries <= 8
-3 -1 -1 -1 1 -1 1 1 1 1 1 1 -1 1 1 1 -1 1 -1 1 1 1 -1 1
-3 1 -1 -1 -1 -1 -1 1 1 1 -1 1 1 1 -1 -1 1 -1 1 -1 1 1 -1 -1
-3 1 -1 1 1 1 -1 -1 1 1 1 1 1 -1 1 -1 1 -1 -1 1 1 -1 1 1
-3 1 1 -1 -1 1 1 1 -1 -1 1 1 1 -1 -1 -1 -1 -1 1 1 -1 -1 1 -1
-3 1 1 1 -1 1 1 1 1 1 1 -1 -1 1 1 -1 1 1 1 -1 -1 -1 -1 1
-3 1 1 1 1 1 1 1 -1 1 -1 1 -1 -1 -1 1 1 1 -1 -1 1 1 1 -1
-2 -2 0 -2 0 0 0 0 0 0 0 0 -2 0 0 -2 0 0 0 0 0 -2 2 2
-2 -2 0 2 0 -2 0 -2 0 0 0 0 0 -2 0 0 0 0 0 -2 0 0 2 0
-2 -2 2 0 -2 0 0 0 0 0 0 2 0 0 0 -2 0 2 0 0 0 2 0 0
-2 -2 2 0 0 2 0 -2 0 0 0 -2 0 0 0 0 2 0 0 0 2 0 0 0
-2 0 -2 -2 0 -2 0 0 0 -2 -2 0 0 -2 0 0 -2 0 0 0 0 0 0 0
-2 0 -2 -2 0 2 0 0 0 0 0 -2 2 0 0 0 0 0 0 -2 0 -2 0 0
-2 0 -2 0 -2 2 0 2 0 0 0 0 0 -2 2 0 0 0 0 0 0 2 0 0
-2 0 -2 0 0 2 0 0 0 0 0 2 0 2 0 0 0 2 2 0 0 0 2 0
-2 0 -2 2 0 0 0 0 0 -2 0 0 2 0 0 2 0 -2 2 0 0 0 0 0
-2 0 -2 2 0 0 2 0 0 0 2 0 0 0 -2 -2 0 0 0 0 0 2 0 0
-2 0 0 -2 0 0 2 0 2 -2 0 0 0 0 -2 0 2 2 0 0 0 0 0 0
-2 0 0 -2 0 2 -2 0 0 -2 0 0 0 0 0 2 0 0 0 2 0 0 0 2
-2 0 0 0 -2 -2 2 -2 0 0 0 0 -2 0 0 0 0 0 0 2 -2 0 0 0
-2 0 0 0 -2 0 0 0 0 -2 0 -2 0 0 0 -2 0 0 -2 0 0 0 -2 -2
-2 0 0 0 -2 0 0 0 2 0 2 0 -2 0 0 0 0 0 0 0 2 0 2 -2
-2 0 0 0 0 -2 -2 -2 0 0 0 2 0 0 0 2 0 0 0 0 0 -2 -2 0
-2 0 0 0 0 0 -2 0 0 2 -2 -2 0 -2 0 -2 0 2 0 0 0 0 0 0
-2 0 0 0 0 0 0 0 0 -2 -2 0 0 0 2 -2 2 0 2 2 0 0 0 0
-2 0 0 0 0 0 0 0 0 0 0 0 -2 0 -2 0 -2 2 2 0 0 0 -2 -2
-2 0 0 0 0 0 0 0 0 0 2 2 0 2 0 0 2 0 -2 0 -2 0 0 -2
-2 0 0 0 0 0 2 -2 0 0 0 0 0 0 2 0 -2 0 2 0 2 -2 0 0
-2 0 0 0 0 2 -2 0 -2 0 0 0 -2 0 2 0 0 0 0 0 0 -2 0 -2
-2 0 0 0 0 2 0 0 0 -2 -2 2 0 0 0 0 0 0 0 -2 -2 0 -2 0
-2 0 0 0 2 0 -2 -2 -2 0 2 0 0 0 0 0 0 2 0 0 0 2 0 0
-2 0 0 0 2 0 0 0 -2 0 0 0 0 0 -2 -2 2 0 0 0 0 -2 -2 0
-2 0 0 0 2 0 0 0 0 0 2 2 -2 0 0 0 0 -2 2 -2 0 0 0 0
-2 0 0 0 2 0 0 2 -2 2 0 0 2 0 2 0 0 0 2 0 0 0 0 0
-2 0 0 2 0 0 0 0 0 0 0 0 0 2 2 0 -2 0 0 -2 0 2 0 -2
-2 0 0 2 0 0 0 0 0 2 0 0 0 -2 0 0 0 -2 0 0 -2 0 -2 -2
-2 0 2 -2 0 0 0 -2 0 2 0 0 0 0 -2 0 0 0 0 -2 -2 0 0 0
-2 0 2 -2 0 0 0 2 0 -2 0 0 0 0 2 0 0 0 0 -2 2 0 0 0
-2 0 2 0 0 -2 -2 0 0 0 0 0 0 0 2 0 -2 0 0 2 0 0 2 0
-2 0 2 0 0 -2 0 0 0 0 0 0 0 0 0 2 2 0 2 0 0 2 0 2
-2 0 2 0 2 -2 2 0 0 0 2 -2 0 0 0 0 0 0 0 0 0 0 0 -2
-2 2 0 -2 0 0 0 0 0 0 0 -2 -2 -2 0 0 2 -2 0 0 0 0 0 0
-2 2 0 0 0 0 0 0 -2 0 0 -2 0 2 0 -2 0 0 0 0 2 0 2 0
-2 2 0 0 0 0 0 0 0 0 0 0 0 2 0 2 0 -2 -2 -2 0 0 0 2
-2 2 0 0 0 0 2 0 0 0 -2 -2 2 0 0 0 0 0 0 0 -2 2 0 0
-2 2 0 0 2 0 0 0 0 0 0 0 -2 0 0 -2 -2 0 -2 0 -2 0 0 0
-1 -3 -1 -1 -1 -1 1 -1 -1 -1 -1 -1 1 1 -1 -1 1 -1 1 -1 -1 1 -1 1
-1 -3 1 1 1 1 1 -1 1 -1 -1 1 -1 1 1 1 -1 -1 1 1 -1 1 1 1
-1 -1 -3 -1 -1 1 -1 -1 1 -1 1 1 -1 -1 -1 -1 1 -1 1 1 -1 -1 -1 -1
-1 -1 -3 1 1 1 1 1 1 1 -1 1 -1 -1 -1 1 -1 -1 -1 -1 -1 -1 1 1
-1 -1 -1 -1 -3 -1 1 -1 1 1 -1 1 1 1 -1 1 -1 1 -1 -1 1 -1 1 1
-1 -1 -1 -1 -1 -1 -1 1 1 1 1 1 -1 -1 1 -1 -1 1 -1 -3 -1 -1 -1 -1
-1 -1 -1 -1 -1 -1 1 1 1 -1 1 -1 3 1 1 -1 -1 1 1 1 1 1 1 -1
-1 -1 -1 -1 -1 -1 1 1 1 1 1 -1 -1 1 -1 3 1 -1 1 -1 -1 -1 -1 -1
-1 -1 -1 -1 -1 1 -1 1 -1 -1 -1 1 1 -1 -1 -1 1 1 -1 1 3 -1 1 -1
-1 -1 -1 -1 -1 1 1 1 -1 1 -3 -1 -1 1 1 1 -1 1 1 1 -1 -1 -1 1
-1 -1 -1 -1 1 -1 -1 -1 1 -1 1 -1 -1 3 1 -1 1 1 1 -1 1 -1 -1 -1
-1 -1 -1 -1 1 -1 -1 1 -1 1 -1 -1 -1 1 -1 1 -1 1 1 -3 1 1 1 1
-1 -1 -1 -1 1 -1 -1 1 1 -1 1 1 1 1 -1 -1 -1 -3 -1 1 -1 1 1 1
-1 -1 -1 -1 1 -1 1 -1 -3 1 1 -1 -1 -1 1 1 -1 -1 -1 -1 -1 -1 -1 1
-1 -1 -1 -1 1 -1 1 1 1 1 1 1 1 -3 -1 1 1 -1 1 1 1 1 1 -1
-1 -1 -1 -1 1 1 -1 1 1 1 -1 1 -1 -1 1 1 3 1 1 -1 1 -1 -1 1
-1 -1 -1 -1 1 1 1 -3 1 -1 1 1 1 -1 -1 1 -1 -1 -1 -1 1 1 -1 1
-1 -1 -1 -1 1 1 1 -1 1 1 -1 1 1 -1 1 -3 -1 -1 1 -1 -1 1 1 -1
-1 -1 -1 1 -1 -1 -3 1 1 -1 1 1 1 1 1 1 1 1 -1 -1 1 1 1 1
-1 -1 -1 1 -1 -1 -1 1 -1 3 1 -1 1 1 -1 -1 1 -1 -1 -1 -1 -1 1 1
-1 -1 -1 1 -1 1 -1 -1 -1 1 -1 -1 1 -1 -1 3 1 1 -1 -1 -1 1 -1 1
-1 -1 -1 1 -1 1 -1 1 -1 -1 1 1 1 1 1 -3 -1 -1 1 -1 1 -1 -1 1
-1 -1 -1 1 -1 1 -1 1 1 -1 -1 -1 -1 1 -1 -1 -3 1 -1 1 1 1 1 1
-1 -1 -1 1 -1 1 1 -1 -1 1 1 1 -1 1 -1 1 1 -1 1 1 1 -1 -1 3
-1 -1 -1 1 -1 1 1 -1 1 -1 -1 1 1 -1 -1 1 -1 1 -1 1 -1 1 1 -3
-1 -1 -1 1 -1 1 1 1 -1 1 -1 -1 -1 -1 -1 -1 1 -1 3 -1 1 -1 1 -1
-1 -1 -1 1 1 -1 -1 -1 -1 1 1 1 1 1 -1 -1 -1 -1 1 1 1 -1 1 -3
-1 -1 -1 1 1 -1 -1 -1 1 -1 -1 1 -1 -1 -1 -1 1 1 -1 1 -1 1 -1 3
-1 -1 -1 1 1 -1 -1 1 -1 1 1 -1 -1 -1 1 -1 1 -1 -1 -1 3 1 -1 -1
-1 -1 -1 1 1 -1 -1 1 1 -1 1 -1 -1 1 -1 1 1 1 1 3 -1 1 1 -1
-1 -1 -1 1 1 1 1 -1 -1 -1 1 -1 1 1 1 -1 -1 1 1 1 -3 -1 -1 -1
-1 -1 -1 1 1 1 1 -1 1 -1 1 -1 -3 -1 1 1 1 1 -1 -1 -1 1 -1 -1
-1 -1 -1 1 1 1 1 1 -1 -1 -1 -1 1 1 1 -1 1 3 -1 -1 1 1 -1 1
-1 -1 -1 1 1 3 -1 1 1 1 -1 -1 1 1 -1 -1 1 -1 1 1 -1 1 -1 1
-1 -1 -1 1 3 -1 1 -1 1 1 -1 1 1 1 -1 1 1 1 1 -1 -1 1 -1 -1
-1 -1 -1 3 -1 1 -1 -1 1 1 -1 1 -1 1 -1 -1 1 1 -1 -1 1 -1 -1 -1
-1 -1 1 -1 -1 -1 -1 -1 -1 -1 3 -1 1 1 -1 1 -1 -1 1 -1 1 -1 1 1
-1 -1 1 -1 -1 -1 -1 1 -1 1 -1 -1 -1 1 -1 -1 1 -1 -1 3 1 1 -1 1
-1 -1 1 -1 -1 -1 -1 1 1 1 1 -1 1 -1 1 -1 1 -1 1 1 1 -3 -1 -1
-1 -1 1 -1 -1 -1 1 -1 -1 -1 -1 -1 1 1 1 3 -1 -1 -1 1 1 1 -1 -1
-1 -1 1 -1 -1 -1 1 -1 -1 1 -1 -1 1 1 3 -1 1 1 -1 -1 -1 -1 1 -1
-1 -1 1 -1 -1 1 -1 -1 -1 -1 -1 -1 1 -1 1 1 -1 1 3 -1 -1 1 1 -1
-1 -1 1 -1 -1 1 3 1 -1 1 1 -1 1 -1 -1 1 -1 1 1 -1 1 1 -1 1
-1 -1 1 -1 1 -1 1 -1 1 -1 -1 1 -1 -1 1 -1 1 -1 -3 1 1 1 1 -1
-1 -1 1 -1 1 -1 3 1 -1 1 -1 1 1 1 -1 1 1 -1 -1 1 -1 -1 1 1
-1 -1 1 -1 1 1 -3 -1 1 1 -1 1 -1 1 1 -1 -1 -1 -1 -1 1 1 -1 1
-1 -1 1 -1 1 1 -1 1 1 1 3 -1 1 -1 1 1 1 -1 -1 -1 -1 1 -1 1
-1 -1 1 -1 1 1 1 -1 1 1 1 -1 1 -1 -1 -1 -1 1 -1 3 -1 1 1 1
-1 -1 1 -1 1 1 1 1 -1 -1 -1 -1 1 -3 1 1 1 1 -1 1 -1 -1 -1 -1
-1 -1 1 -1 3 -1 -1 1 1 1 -1 -1 -1 -1 -1 1 -1 -1 1 1 -1 -1 -1 1
-1 -1 1 1 -3 1 1 1 1 -1 1 -1 1 1 -1 1 1 -1 -1 1 -1 1 1 1
-1 -1 1 1 -1 -1 -1 1 -1 -1 -1 1 1 1 -3 1 1 1 1 -1 -1 -1 1 -1
-1 -1 1 1 -1 -1 1 -1 3 -1 1 1 1 1 -1 -1 -1 -1 1 -1 -1 -1 -1 -1
-1 -1 1 1 -1 -1 1 1 1 -1 -1 1 1 -1 -1 1 -1 1 1 3 1 -1 -1 1
-1 -1 1 1 -1 -1 1 1 3 1 -1 -1 1 -1 1 1 1 1 -1 -1 1 1 -1 -1
-1 -1 1 1 -1 1 -1 1 1 -1 1 1 -1 1 1 1 1 -1 1 1 1 1 -3 -1
-1 -1 1 1 -1 1 -1 1 1 1 -1 3 1 -1 1 1 -1 -1 1 -1 1 -1 1 -1
-1 -1 1 1 -1 1 1 1 1 -1 1 1 -1 -3 -1 -1 1 -1 -1 -1 1 -1 -1 1
-1 -1 1 1 1 -1 1 1 -3 -1 -1 -1 -1 -1 -1 -1 -1 1 1 1 -1 1 1 1
-1 -1 1 1 1 -1 1 1 -1 -1 -1 1 3 -1 -1 -1 -1 -1 -1 -1 1 1 -1 -1
-1 -1 1 1 1 -1 1 1 1 1 1 1 1 1 -1 -1 1 1 1 -1 3 -1 1 1
-1 -1 1 1 1 1 -3 1 1 -1 1 1 1 -1 -1 -1 -1 1 -1 1 -1 -1 -1 -1
-1 -1 1 1 1 1 -1 1 1 -1 1 -1 1 1 1 -1 1 -1 1 -1 -1 -1 3 -1
-1 -1 1 1 1 1 -1 1 1 1 -1 -1 -1 1 1 1 1 1 -3 1 -1 -1 1 1
-1 -1 1 1 1 1 1 -1 -1 -3 1 1 -1 1 -1 -1 -1 1 -1 -1 1 -1 1 -1
-1 -1 1 1 1 1 1 -1 1 1 1 1 -1 -1 -1 1 1 1 1 1 -1 -3 1 -1
-1 -1 1 3 -1 1 1 1 -1 1 1 -1 1 -1 1 -1 -1 1 -1 1 1 -1 1 -1
-1 -1 1 3 1 -1 -1 -1 1 1 1 -1 1 1 -1 1 -1 -1 -1 1 1 1 -1 1
-1 1 -3 1 -1 -1 -1 -1 -1 -1 1 -1 -1 1 -1 1 -1 1 -1 -1 -1 -1 1 -1
-1 1 -3 1 -1 -1 1 -1 -1 1 -1 1 1 -1 1 -1 1 1 1 -1 -1 -1 -1 1
-1 1 -1 -3 -1 -1 1 -1 -1 -1 1 1 1 1 1 -1 1 -1 -1 1 1 -1 -1 1
-1 1 -1 -1 -1 -1 -1 -1 -1 1 1 1 3 -1 1 1 -1 -1 -1 -1 -1 1 1 -1
-1 1 -1 -1 -1 -1 -1 1 -1 1 3 -1 -1 1 1 -1 -1 -1 1 1 -1 1 -1 -1
-1 1 -1 -1 -1 -1 1 1 -1 3 -1 1 -1 -1 1 -1 -1 -1 -1 1 1 -1 1 -1
-1 1 -1 -1 -1 1 -1 -1 -1 1 1 1 -1 -3 -1 1 -1 1 1 -1 1 -1 1 1
-1 1 -1 -1 -1 1 -1 -1 1 -1 -3 -1 -1 1 1 1 1 1 -1 -1 1 1 1 -1
-1 1 -1 -1 -1 1 -1 1 -1 -1 1 1 -3 1 -1 -1 1 1 -1 -1 1 1 -1 1
-1 1 -1 -1 -1 1 1 -1 1 -3 1 -1 -1 1 1 -1 -1 -1 1 -1 -1 1 1 1
-1 1 -1 -1 1 -1 1 -1 1 1 1 -1 1 1 -1 -1 1 -1 3 1 -1 -1 1 1
-1 1 -1 -1 1 1 -1 -1 -1 1 -3 1 1 -1 -1 1 1 -1 1 1 -1 -1 1 -1
-1 1 -1 -1 1 1 -1 1 1 1 -1 -1 1 -1 -1 1 -1 -1 -3 1 1 1 -1 -1
-1 1 -1 -1 1 1 1 1 -1 -1 -1 1 1 -1 -1 -1 1 -1 1 -1 1 1 1 3
-1 1 -1 -1 1 1 1 1 -1 1 1 1 -1 -1 -1 1 1 1 1 1 -3 1 -1 1
-1 1 -1 -1 1 1 1 1 1 -1 -1 1 1 1 3 1 -1 -1 -1 1 -1 -1 1 -1
-1 1 -1 1 -3 1 -1 -1 1 1 -1 -1 1 1 1 -1 -1 -1 1 1 -1 -1 1 -1
-1 1 -1 1 -1 -3 -1 1 -1 -1 1 1 -1 -1 -1 -1 1 -1 1 1 1 -1 1 1
-1 1 -1 1 -1 -1 -1 1 3 -1 1 -1 -1 -1 1 1 -1 -1 -1 1 -1 -1 -1 1
-1 1 -1 1 -1 -1 1 -1 -1 -1 1 -1 1 -1 1 1 -1 1 -1 1 1 1 1 3
-1 1 -1 1 -1 1 -1 -1 -1 -1 -1 1 -1 -1 -1 -1 -1 -3 -1 -1 1 1 1 -1
-1 1 -1 1 -1 1 -1 1 -3 1 -1 1 1 1 -1 -1 -1 1 -1 1 -1 1 -1 -1
-1 1 -1 1 -1 1 1 1 -1 1 -1 -1 1 1 1 1 3 -1 -1 1 1 -1 -1 -1
-1 1 -1 1 -1 1 1 3 1 -1 1 1 1 1 -1 1 -1 1 -1 -1 1 -1 -1 -1
-1 1 -1 1 -1 3 1 -1 -1 -1 -1 -1 -1 -1 -1 -1 1 1 -1 1 -1 -1 1 1
-1 1 -1 1 1 -1 -1 -1 -1 -1 -1 -1 -3 1 1 1 -1 -1 1 1 1 1 -1 1
-1 1 -1 1 1 -1 1 1 1 -1 -1 -1 -1 -1 1 -1 1 1 -1 -1 1 -3 1 -1
-1 1 -1 1 1 1 -1 -1 1 1 -1 1 1 -1 1 1 -3 1 1 1 -1 1 -1 1
-1 1 -1 1 1 1 1 -1 -1 1 1 -1 -1 -1 1 1 -1 -1 1 1 -1 1 3 -1
-1 1 -1 1 3 -1 -1 1 -1 -1 -1 1 1 1 -1 1 -1 1 -1 1 1 -1 1 1
-1 1 1 -3 1 -1 -1 1 -1 1 1 1 -1 1 -1 1 1 1 1 1 1 -1 1 -1
-1 1 1 -1 -3 1 -1 1 1 1 -1 1 -1 -1 -1 1 1 1 -1 1 -1 -1 -1 -1
-1 1 1 -1 -1 -1 1 1 1 -1 1 1 -1 -1 -1 1 -1 -1 -1 -1 -1 3 -1 -1
-1 1 1 -1 -1 1 -1 -1 -1 3 1 -1 1 1 1 1 -1 1 -1 1 1 -1 -1 1
-1 1 1 -1 -1 1 1 -1 3 1 -1 -1 -1 1 -1 1 -1 -1 1 1 1 1 -1 1
-1 1 1 -1 -1 1 1 1 -1 -1 1 -1 -1 1 1 1 -1 3 -1 1 -1 1 1 -1
-1 1 1 -1 -1 1 1 1 1 1 -1 -1 1 -1 1 1 1 1 1 1 1 -1 3 1
-1 1 1 -1 1 -1 -1 -1 -1 -1 -1 -1 1 1 1 -1 -1 -3 1 -1 -1 -1 -1 -1
-1 1 1 -1 1 -1 -1 -1 1 -1 1 -1 -1 -1 -1 -1 -1 1 -1 1 3 -1 -1 1
-1 1 1 -1 1 -1 -1 -1 3 1 1 1 -1 -1 1 -1 1 1 1 1 -1 1 -1 -1
-1 1 1 -1 1 -1 -1 1 -1 1 -1 -1 -1 1 1 1 1 1 -1 -1 -1 1 -3 -1
-1 1 1 -1 1 -1 1 -1 1 -1 -1 1 1 1 -1 1 -1 -1 1 -1 1 1 3 -1
-1 1 1 -1 1 -1 1 1 -1 -1 1 1 1 3 -1 -1 -1 1 1 -1 -1 1 -1 1
-1 1 1 -1 1 1 1 -1 1 1 -1 3 1 1 -1 -1 -1 1 -1 1 1 -1 -1 -1
-1 1 1 -1 3 1 1 -1 -1 -1 -1 -1 -1 1 1 1 1 1 1 -1 -1 -1 1 1
-1 1 1 1 -1 -1 -1 -1 -1 -1 1 1 -1 -1 3 -1 1 -1 -1 -1 -1 1 -1 1
-1 1 1 1 -1 -1 1 -1 1 1 -1 -1 1 -1 -3 -1 1 -1 -1 1 1 -1 1 -1
-1 1 1 1 -1 -1 1 1 1 1 1 -1 1 -1 1 -1 -1 -3 1 -1 1 1 1 1
-1 1 1 1 -1 -1 1 1 1 3 1 1 1 1 -1 1 -1 1 1 1 -1 1 1 -1
-1 1 1 1 -1 1 -3 1 -1 1 1 -1 1 -1 -1 1 1 -1 1 1 1 1 1 -1
-1 1 1 1 -1 1 -1 -1 -1 -1 -1 1 1 1 -1 1 -1 1 1 -1 3 1 -1 1
-1 1 1 1 -1 1 -1 1 -1 -1 1 -1 1 -1 -1 -1 -1 1 -1 -3 -1 1 1 1
-1 1 1 1 -1 1 1 -1 -3 -1 1 -1 -1 1 -1 1 1 -1 1 -1 -1 1 -1 -1
-1 1 1 1 -1 1 3 1 -1 -1 -1 1 -1 1 1 -1 -1 -1 -1 1 1 1 -1 1
-1 1 1 1 1 -1 -1 -1 -1 -1 1 -1 1 -1 -1 1 1 -1 -1 1 -3 -1 1 1
-1 1 1 1 1 -1 -1 -1 1 3 -1 -1 -1 1 1 1 1 -1 1 -1 1 -1 1 -1
-1 1 1 1 1 -1 1 3 1 -1 1 1 1 -1 1 -1 1 1 -1 1 -1 1 1 1
-1 1 1 1 1 1 -1 1 1 -1 -1 -3 1 1 1 1 -1 1 1 1 1 -1 -1 -1
-1 1 1 3 1 1 1 -1 -1 1 -1 1 1 1 -1 -1 -1 -1 1 -1 -1 -1 1 1
-1 1 3 1 -1 -1 -1 1 -1 1 1 1 -1 1 -1 -1 -1 -1 -1 -1 1 -1 -1 -1
-1 1 3 1 -1 1 1 -1 1 -1 -1 -1 -1 -1 1 1 -1 -1 -1 -1 -1 -1 1 -1
-1 3 1 1 1 -1 1 1 1 -1 -1 1 -1 1 -1 1 1 -1 1 1 -1 -1 -1 -1
0 -4 0 0 0 0 0 4 0 0 0 0 0 0 0 0 0 0 0 0 0 0 0 0
0 -2 -2 0 -2 0 0 0 0 0 0 0 -2 2 2 0 0 -2 -2 0 0 0 0 0
0 -2 -2 0 0 0 -2 0 0 0 -2 0 2 0 2 0 0 0 0 0 0 0 -2 -2
0 -2 -2 0 0 0 0 0 0 0 2 0 2 0 0 2 0 0 -2 2 0 -2 0 0
0 -2 -2 2 0 0 0 0 2 2 2 0 0 0 2 0 0 0 2 0 0 0 0 0
0 -2 0 -2 0 0 0 0 0 -2 0 0 0 0 0 2 0 0 -2 -2 -2 0 2 0
0 -2 0 -2 0 0 0 0 2 2 0 0 0 2 0 0 2 0 0 0 0 2 2 0
0 -2 0 -2 0 2 0 0 0 0 -2 0 -2 -2 -2 0 0 0 0 0 0 2 0 0
0 -2 0 -2 2 0 0 0 0 -2 0 2 2 0 0 0 0 0 2 0 0 -2 0 0
0 -2 0 0 -2 -2 -2 0 2 0 -2 0 -2 0 0 0 0 0 2 0 0 0 0 0
0 -2 0 0 -2 0 0 0 0 0 0 -2 0 -2 -2 0 -2 0 0 0 -2 -2 0 0
0 -2 0 0 -2 0 2 0 -2 0 0 2 0 0 0 0 0 0 0 0 0 -2 -2 -2
0 -2 0 0 -2 2 0 0 2 -2 0 0 0 0 2 0 0 2 0 0 0 -2 0 0
0 -2 0 0 0 -2 0 0 -2 0 -2 2 0 0 2 0 0 0 0 0 2 0 0 2
0 -2 0 0 0 -2 0 0 0 2 -2 0 0 0 0 0 -2 0 -2 0 -2 2 0 0
0 -2 0 0 0 -2 2 0 0 0 0 0 -2 0 -2 0 -2 -2 0 0 2 0 0 0
0 -2 0 0 0 0 0 0 0 -2 2 0 0 -2 2 0 -2 -2 0 0 0 0 0 -2
0 -2 0 0 0 0 2 0 -2 0 2 0 0 0 2 0 2 0 0 2 0 2 0 0
0 -2 0 0 2 0 -2 0 -2 0 0 0 0 2 0 2 2 -2 0 0 0 0 0 0
0 -2 0 0 2 0 0 0 0 0 0 0 0 0 2 2 0 2 0 0 2 0 2 -2
0 -2 0 0 2 0 0 0 2 0 0 -2 0 0 -2 -2 0 0 -2 -2 0 0 0 0
0 -2 0 0 2 2 0 0 -2 0 0 0 0 0 0 0 -2 0 0 2 2 0 -2 0
0 -2 0 2 -2 0 -2 -2 -2 -2 0 0 0 0 0 0 0 0 0 2 0 0 0 0
0 -2 2 0 -2 0 0 0 -2 2 0 0 -2 0 0 2 0 0 0 0 0 0 2 0
0 -2 2 0 0 0 0 0 0 2 0 -2 0 2 0 -2 -2 0 2 0 0 0 0 0
0 -2 2 0 0 2 0 0 -2 0 0 0 0 0 0 -2 0 -2 -2 0 -2 0 0 0
0 -2 2 2 2 0 0 0 0 0 0 0 0 0 2 0 0 0 0 -2 0 -2 -2 0
0 0 -2 -2 0 0 -2 0 0 0 0 0 0 0 2 0 0 -2 2 0 2 0 2 0
0 0 -2 -2 0 0 2 -2 0 2 2 0 0 0 0 0 0 2 0 0 0 0 0 -2
0 0 -2 0 -2 0 0 0 2 0 0 -2 0 0 0 -2 2 0 0 0 2 0 0 2
0 0 -2 0 -2 0 0 0 2 0 0 0 0 2 0 0 0 2 0 0 -2 2 -2 0
0 0 -2 0 0 -2 0 -2 2 0 0 -2 0 0 0 0 0 -2 0 0 0 2 0 -2
0 0 -2 0 0 -2 0 0 0 0 0 0 -2 0 2 -2 0 2 0 0 0 2 2 0
0 0 -2 0 0 0 -2 0 0 2 0 2 -2 0 0 2 0 0 0 0 0 2 0 -2
0 0 -2 0 0 0 0 0 -2 0 0 -2 2 -2 0 -2 0 -2 0 2 0 0 0 0
0 0 -2 0 0 0 0 2 0 -2 0 0 0 2 0 0 2 0 0 0 -2 -2 0 2
0 0 -2 0 0 0 2 0 0 2 0 0 2 2 0 0 -2 -2 0 0 0 0 -2 0
0 0 -2 0 0 2 0 0 0 0 2 -2 0 2 0 2 0 0 0 0 2 2 0 0
0 0 -2 0 2 0 0 -2 0 0 0 0 -2 0 -2 0 2 0 0 0 2 0 2 0
0 0 -2 0 2 0 0 2 0 0 2 -2 0 -2 0 0 -2 2 0 0 0 0 0 0
0 0 -2 0 2 0 2 2 -2 0 0 0 -2 2 0 0 0 0 0 0 0 0 0 -2
0 0 -2 2 0 -2 0 2 0 0 -2 -2 0 0 -2 0 0 0 0 0 0 0 -2 0
0 0 -2 2 0 0 0 0 0 2 -2 0 2 0 0 0 0 0 0 0 2 2 2 0
0 0 0 -2 -2 -2 -2 0 -2 0 0 0 0 0 0 0 0 2 0 0 -2 0 0 2
0 0 0 -2 -2 0 -2 0 0 -2 0 2 0 2 0 0 -2 0 0 0 0 0 0 -2
0 0 0 -2 -2 0 0 2 2 0 2 2 0 0 0 0 0 0 2 0 0 0 0 2
0 0 0 -2 0 -2 0 0 0 0 0 0 2 0 -2 0 0 0 0 2 -2 0 -2 -2
0 0 0 -2 0 -2 0 2 0 0 0 -2 0 2 0 0 -2 0 -2 0 0 -2 0 0
0 0 0 -2 0 0 -2 2 -2 0 0 2 0 -2 0 0 0 -2 0 0 0 0 -2 0
0 0 0 -2 0 0 -2 2 0 -2 0 -2 0 0 -2 -2 0 0 2 0 0 0 0 0
0 0 0 -2 0 0 0 -2 0 -2 0 -2 0 0 0 0 0 0 0 2 0 -2 2 -2
0 0 0 -2 0 0 0 2 0 0 -2 2 2 0 0 2 0 2 0 0 0 2 0 0
0 0 0 -2 0 2 -2 2 0 2 0 0 0 0 0 0 -2 0 0 0 -2 0 2 0
0 0 0 -2 0 2 0 -2 0 0 0 0 0 0 0 -2 0 2 2 0 0 0 -2 2
0 0 0 -2 0 2 0 0 0 -2 0 0 2 0 0 0 2 -2 0 0 0 2 0 -2
0 0 0 -2 0 2 0 0 0 2 2 0 0 0 -2 -2 0 -2 0 0 2 0 0 0
0 0 0 -2 0 2 2 0 0 0 0 0 -2 0 0 2 0 0 -2 0 2 -2 0 0
0 0 0 -2 2 -2 0 0 0 0 -2 -2 2 0 0 0 2 0 0 0 2 0 0 0
0 0 0 0 -2 -2 0 0 -2 0 -2 0 0 -2 0 0 2 0 0 0 0 2 0 -2
0 0 0 0 -2 0 0 0 0 0 2 0 0 2 -2 -2 0 2 0 2 0 -2 0 0
0 0 0 0 0 -2 0 -2 0 0 0 -2 2 0 0 0 -2 2 0 -2 0 0 -2 0
0 0 0 0 0 -2 0 -2 0 0 0 2 2 0 0 0 2 2 0 2 0 0 2 0
0 0 0 0 0 -2 0 0 0 0 0 0 0 2 -2 0 0 2 -2 0 2 2 0 -2
0 0 0 0 0 -2 0 2 0 0 0 0 2 -2 0 2 0 0 0 -2 0 -2 0 2
0 0 0 0 0 -2 2 2 0 0 0 0 -2 -2 2 0 0 0 2 0 0 0 -2 0
0 0 0 0 0 0 0 -2 0 0 -2 0 0 0 0 0 -2 -2 -2 2 0 -2 0 2
0 0 0 0 0 0 0 -2 0 0 2 -2 0 -2 0 2 0 0 2 2 0 0 -2 0
0 0 0 0 0 0 0 -2 0 0 2 0 0 0 0 0 2 2 -2 -2 0 -2 0 2
0 0 0 0 0 0 0 -2 0 2 0 0 2 0 0 -2 2 0 -2 0 0 2 -2 0
0 0 0 0 0 0 0 -2 2 0 -2 -2 0 0 0 0 2 0 0 0 -2 -2 -2 0
0 0 0 0 0 0 0 0 -2 0 2 0 -2 -2 -2 0 0 0 -2 2 0 0 0 -2
0 0 0 0 0 0 0 0 0 -2 0 -2 0 -2 -2 2 0 0 0 -2 2 0 0 -2
0 0 0 0 0 0 0 0 0 0 -2 -2 -2 2 -2 0 0 -2 0 0 -2 0 2 0
0 0 0 0 0 0 0 0 0 0 2 2 2 -2 2 0 0 2 0 0 2 0 -2 0
0 0 0 0 0 0 0 0 0 2 0 2 0 2 2 -2 0 0 0 2 -2 0 0 2
0 0 0 0 0 0 0 0 2 0 -2 0 2 2 2 0 0 0 2 -2 0 0 0 2
0 0 0 0 0 0 0 2 -2 0 2 2 0 0 0 0 -2 0 0 0 2 2 2 0
0 0 0 0 0 0 0 2 0 -2 0 0 -2 0 0 2 -2 0 2 0 0 -2 2 0
0 0 0 0 0 0 0 2 0 0 -2 0 0 0 0 0 -2 -2 2 2 0 2 0 -2
0 0 0 0 0 0 0 2 0 0 -2 2 0 2 0 -2 0 0 -2 -2 0 0 2 0
0 0 0 0 0 0 0 2 0 0 2 0 0 0 0 0 2 2 2 -2 0 2 0 -2
0 0 0 0 0 2 -2 -2 0 0 0 0 2 2 -2 0 0 0 -2 0 0 0 2 0
0 0 0 0 0 2 0 -2 0 0 0 0 -2 2 0 -2 0 0 0 2 0 2 0 -2
0 0 0 0 0 2 0 0 0 0 0 0 0 -2 2 0 0 -2 2 0 -2 -2 0 2
0 0 0 0 0 2 0 2 0 0 0 -2 -2 0 0 0 -2 -2 0 -2 0 0 -2 0
0 0 0 0 0 2 0 2 0 0 0 2 -2 0 0 0 2 -2 0 2 0 0 2 0
0 0 0 0 2 0 0 0 0 0 -2 0 0 -2 2 2 0 -2 0 -2 0 2 0 0
0 0 0 0 2 2 0 0 2 0 2 0 0 2 0 0 -2 0 0 0 0 -2 0 2
0 0 0 2 -2 2 0 0 0 0 2 2 -2 0 0 0 -2 0 0 0 -2 0 0 0
0 0 0 2 0 -2 -2 0 0 0 0 0 2 0 0 -2 0 0 2 0 -2 2 0 0
0 0 0 2 0 -2 0 0 0 -2 -2 0 0 0 2 2 0 2 0 0 -2 0 0 0
0 0 0 2 0 -2 0 0 0 2 0 0 -2 0 0 0 -2 2 0 0 0 -2 0 2
0 0 0 2 0 -2 0 2 0 0 0 0 0 0 0 2 0 -2 -2 0 0 0 2 -2
0 0 0 2 0 -2 2 -2 0 -2 0 0 0 0 0 0 2 0 0 0 2 0 -2 0
0 0 0 2 0 0 0 -2 0 0 2 -2 -2 0 0 -2 0 -2 0 0 0 -2 0 0
0 0 0 2 0 0 0 2 0 2 0 2 0 0 0 0 0 0 0 -2 0 2 -2 2
0 0 0 2 0 0 2 -2 0 2 0 2 0 0 2 2 0 0 -2 0 0 0 0 0
0 0 0 2 0 0 2 -2 2 0 0 -2 0 2 0 0 0 2 0 0 0 0 2 0
0 0 0 2 0 2 0 -2 0 0 0 2 0 -2 0 0 2 0 2 0 0 2 0 0
0 0 0 2 0 2 0 0 0 0 0 0 -2 0 2 0 0 0 0 -2 2 0 2 2
0 0 0 2 2 0 0 -2 -2 0 -2 -2 0 0 0 0 0 0 -2 0 0 0 0 -2
0 0 0 2 2 0 2 0 0 2 0 -2 0 -2 0 0 2 0 0 0 0 0 0 2
0 0 0 2 2 2 2 0 2 0 0 0 0 0 0 0 0 -2 0 0 2 0 0 -2
0 0 2 -2 0 0 0 0 0 -2 2 0 -2 0 0 0 0 0 0 0 -2 -2 -2 0
0 0 2 -2 0 2 0 -2 0 0 2 2 0 0 2 0 0 0 0 0 0 0 2 0
0 0 2 0 -2 0 -2 -2 2 0 0 0 2 -2 0 0 0 0 0 0 0 0 0 2
0 0 2 0 -2 0 0 -2 0 0 -2 2 0 2 0 0 2 -2 0 0 0 0 0 0
0 0 2 0 -2 0 0 2 0 0 0 0 2 0 2 0 -2 0 0 0 -2 0 -2 0
0 0 2 0 0 -2 0 0 0 0 -2 2 0 -2 0 -2 0 0 0 0 -2 -2 0 0
0 0 2 0 0 0 -2 0 0 -2 0 0 -2 -2 0 0 2 2 0 0 0 0 2 0
0 0 2 0 0 0 0 -2 0 2 0 0 0 -2 0 0 -2 0 0 0 2 2 0 -2
0 0 2 0 0 0 0 0 2 0 0 2 -2 2 0 2 0 2 0 -2 0 0 0 0
0 0 2 0 0 0 2 0 0 -2 0 -2 2 0 0 -2 0 0 0 0 0 -2 0 2
0 0 2 0 0 2 0 0 0 0 0 0 2 0 -2 2 0 -2 0 0 0 -2 -2 0
0 0 2 0 0 2 0 2 -2 0 0 2 0 0 0 0 0 2 0 0 0 -2 0 2
0 0 2 0 2 0 0 0 -2 0 0 0 0 -2 0 0 0 -2 0 0 2 -2 2 0
0 0 2 0 2 0 0 0 -2 0 0 2 0 0 0 2 -2 0 0 0 -2 0 0 -2
0 0 2 2 0 0 -2 2 0 -2 -2 0 0 0 0 0 0 -2 0 0 0 0 0 2
0 0 2 2 0 0 2 0 0 0 0 0 0 0 -2 0 0 2 -2 0 -2 0 -2 0
0 2 -2 -2 -2 0 0 0 0 0 0 0 0 0 -2 0 0 0 0 2 0 2 2 0
0 2 -2 0 0 -2 0 0 2 0 0 0 0 0 0 2 0 2 2 0 2 0 0 0
0 2 -2 0 0 0 0 0 0 -2 0 2 0 -2 0 2 2 0 -2 0 0 0 0 0
0 2 -2 0 2 0 0 0 2 -2 0 0 2 0 0 -2 0 0 0 0 0 0 -2 0
0 2 0 -2 2 0 2 2 2 2 0 0 0 0 0 0 0 0 0 -2 0 0 0 0
0 2 0 0 -2 -2 0 0 2 0 0 0 0 0 0 0 2 0 0 -2 -2 0 2 0
0 2 0 0 -2 0 0 0 -2 0 0 2 0 0 2 2 0 0 2 2 0 0 0 0
0 2 0 0 -2 0 0 0 0 0 0 0 0 0 -2 -2 0 -2 0 0 -2 0 -2 2
0 2 0 0 -2 0 2 0 2 0 0 0 0 -2 0 -2 -2 2 0 0 0 0 0 0
0 2 0 0 0 0 -2 0 2 0 -2 0 0 0 -2 0 -2 0 0 -2 0 -2 0 0
0 2 0 0 0 0 0 0 0 2 -2 0 0 2 -2 0 2 2 0 0 0 0 0 2
0 2 0 0 0 2 -2 0 0 0 0 0 2 0 2 0 2 2 0 0 -2 0 0 0
0 2 0 0 0 2 0 0 0 -2 2 0 0 0 0 0 2 0 2 0 2 -2 0 0
0 2 0 0 0 2 0 0 2 0 2 -2 0 0 -2 0 0 0 0 0 -2 0 0 -2
0 2 0 0 2 -2 0 0 -2 2 0 0 0 0 -2 0 0 -2 0 0 0 2 0 0
0 2 0 0 2 0 -2 0 2 0 0 -2 0 0 0 0 0 0 0 0 0 2 2 2
0 2 0 0 2 0 0 0 0 0 0 2 0 2 2 0 2 0 0 0 2 2 0 0
0 2 0 0 2 2 2 0 -2 0 2 0 2 0 0 0 0 0 -2 0 0 0 0 0
0 2 0 2 -2 0 0 0 0 2 0 -2 -2 0 0 0 0 0 -2 0 0 2 0 0
0 2 0 2 0 -2 0 0 0 0 2 0 2 2 2 0 0 0 0 0 0 -2 0 0
0 2 0 2 0 0 0 0 -2 -2 0 0 0 -2 0 0 -2 0 0 0 0 -2 -2 0
0 2 0 2 0 0 0 0 0 2 0 0 0 0 0 -2 0 0 2 2 2 0 -2 0
0 2 2 -2 0 0 0 0 -2 -2 -2 0 0 0 -2 0 0 0 -2 0 0 0 0 0
0 2 2 0 0 0 0 0 0 0 -2 0 -2 0 0 -2 0 0 2 -2 0 2 0 0
0 2 2 0 0 0 2 0 0 0 2 0 -2 0 -2 0 0 0 0 0 0 0 2 2
0 2 2 0 2 0 0 0 0 0 0 0 2 -2 -2 0 0 2 2 0 0 0 0 0
0 4 0 0 0 0 0 -4 0 0 0 0 0 0 0 0 0 0 0 0 0 0 0 0
1 -3 -1 -1 -1 1 -1 -1 -1 1 1 -1 1 -1 1 -1 -1 1 -1 -1 1 1 1 1
1 -1 -3 -1 1 -1 -1 1 -1 1 1 1 1 1 -1 -1 1 1 1 1 1 1 -1 1
1 -1 -3 -1 1 1 1 -1 1 -1 -1 -1 1 -1 1 1 1 1 1 1 -1 1 1 1
1 -1 -1 -3 -1 -1 -1 1 1 -1 1 -1 -1 -1 1 1 1 1 -1 1 1 1 -1 -1
1 -1 -1 -1 -1 -1 1 -1 -1 1 1 3 -1 -1 -1 -1 1 -1 -1 -1 -1 1 1 1
1 -1 -1 -1 -1 1 -1 -3 -1 1 -1 -1 -1 1 -1 1 -1 -1 1 -1 1 -1 -1 -1
1 -1 -1 -1 -1 1 1 1 -1 -3 1 1 1 -1 -1 -1 -1 1 -1 1 -1 1 -1 1
1 -1 -1 -1 -1 1 1 1 1 1 -1 1 -1 1 1 -1 -1 1 1 -1 3 1 -1 -1
1 -1 -1 -1 1 -1 -3 -1 1 1 1 -1 1 -1 -1 1 1 1 1 -1 -1 -1 1 -1
1 -1 -1 -1 1 -1 -1 1 3 1 -1 1 1 -1 1 -1 -1 1 -1 1 1 -1 1 1
1 -1 -1 -1 1 -1 1 -1 1 1 -1 1 -1 1 1 1 1 -1 1 3 1 -1 -1 -1
1 -1 -1 -1 1 -1 1 1 1 1 1 -1 -1 -1 1 -1 1 -1 -1 1 -3 -1 1 -1
1 -1 -1 -1 1 -1 3 -1 1 -1 -1 1 -1 1 1 -1 -1 1 -1 -1 -1 -1 -1 1
1 -1 -1 -1 1 1 -1 -1 -1 -3 -1 -1 -1 -1 1 -1 1 -1 -1 -1 1 -1 -1 1
1 -1 -1 -1 1 1 -1 -1 -1 -1 -1 1 -1 1 -1 1 1 3 -1 1 -1 -1 -1 -1
1 -1 -1 -1 1 1 -1 1 -1 -1 1 1 -1 1 3 1 -1 1 1 -1 -1 1 -1 1
1 -1 -1 -1 1 1 1 1 1 1 -1 -1 1 1 -3 1 -1 1 1 1 1 -1 1 -1
1 -1 -1 1 -3 -1 -1 1 1 1 1 1 1 -1 -1 -1 -1 -1 -1 1 1 1 -1 -1
1 -1 -1 1 -1 -1 -1 1 -1 -1 1 -3 -1 -1 1 1 1 -1 1 -1 -1 1 1 1
1 -1 -1 1 -1 1 -1 -1 1 1 -1 -1 -1 -3 1 1 1 -1 -1 1 1 -1 1 -1
1 -1 -1 1 -1 1 -1 1 -1 1 1 -1 -1 -1 1 -1 1 1 -1 1 -1 -1 -3 1
1 -1 -1 1 -1 1 1 -1 1 -1 1 1 1 -1 -1 -1 -1 -1 1 1 1 -1 3 1
1 -1 -1 1 -1 1 1 1 -3 -1 -1 -1 1 1 -1 1 -1 -1 -1 -1 1 -1 1 1
1 -1 -1 1 -1 1 1 1 -1 1 -1 1 1 1 1 1 1 -1 1 -1 -3 1 1 -1
1 -1 -1 1 -1 1 1 1 1 1 1 1 -1 -1 -1 1 1 3 -1 1 1 1 1 1
1 -1 -1 1 1 -1 -1 -1 -1 -1 1 1 -1 1 -1 -1 -1 -1 -1 -1 -1 1 -3 -1
1 -1 -1 1 1 -1 -1 -1 1 1 -1 1 1 -1 -1 -1 1 -3 1 -1 1 -1 -1 1
1 -1 -1 1 1 -1 -1 1 -3 -1 1 1 1 -1 1 -1 1 1 -1 -1 -1 -1 1 -1
1 -1 -1 1 1 -1 1 1 1 -3 -1 1 -1 -1 -1 -1 1 -1 1 -1 -1 1 1 -1
1 -1 -1 1 1 1 -1 -1 -1 1 -1 -1 1 1 1 -1 1 1 1 1 1 -3 1 1
1 -1 -1 1 3 -1 1 -1 -1 -1 1 -1 1 1 1 -1 -1 -1 1 -1 1 1 1 1
1 -1 -1 3 -1 1 1 -1 1 -1 -1 -1 1 -1 1 -1 -1 -1 -1 -1 -1 1 -1 1
1 -1 1 -1 -3 1 1 -1 1 1 1 -1 -1 -1 1 -1 1 -1 1 -1 -1 1 -1 -1
1 -1 1 -1 -1 -1 -1 1 1 -1 -1 1 1 1 -1 -1 1 1 -1 -1 1 -1 -3 1
1 -1 1 -1 -1 -1 1 1 -1 -1 1 -1 -1 1 -1 -1 3 -1 -1 -1 1 -1 1 -1
1 -1 1 -1 -1 1 -1 -1 -1 1 1 1 1 1 -1 1 -1 -1 1 1 -1 3 -1 1
1 -1 1 -1 -1 1 1 1 1 1 1 1 3 -1 -1 -1 1 1 -1 -1 -1 -1 1 -1
1 -1 1 -1 1 -3 -1 1 1 1 1 1 1 1 1 1 -1 -1 1 -1 1 1 -1 -1
1 -1 1 -1 1 -1 -1 -3 -1 1 -1 -1 -1 -1 1 -1 1 -1 1 1 -1 1 1 1
1 -1 1 -1 1 -1 -1 -1 1 -1 1 1 -1 -1 -1 -1 -3 1 1 -1 -1 1 1 1
1 -1 1 -1 1 -1 1 -1 3 -1 1 -1 -1 -1 1 1 1 -1 1 -1 1 -1 1 1
1 -1 1 -1 1 -1 1 1 1 1 1 -1 1 1 1 1 1 3 1 1 -1 -1 -1 1
1 -1 1 -1 1 1 -1 1 1 1 -1 1 -1 1 -1 -1 1 -1 1 -1 -1 -1 -1 -3
1 -1 1 -1 1 1 1 -1 -3 1 -1 1 1 1 -1 -1 1 1 1 -1 1 1 1 -1
1 -1 1 -1 1 3 1 -1 1 1 -1 -1 1 1 1 1 -1 1 -1 -1 -1 1 -1 -1
1 -1 1 -1 3 -1 1 1 -1 -1 1 1 -1 -1 -1 1 1 1 -1 -1 1 1 -1 1
1 -1 1 1 -1 -1 -1 -1 -1 1 1 -1 -1 -1 -3 -1 1 1 1 -1 1 1 -1 1
1 -1 1 1 -1 -1 -1 -1 1 -1 -1 -1 1 1 1 -1 -1 -1 -1 -1 3 -1 1 -1
1 -1 1 1 -1 -1 -1 -1 1 1 1 -1 -1 1 1 1 -1 1 -1 1 -1 -1 -1 -3
1 -1 1 1 -1 -1 1 -1 -1 -1 1 1 -1 1 1 -1 1 1 3 -1 -1 -1 1 1
1 -1 1 1 -1 -1 1 1 1 -1 3 -1 -1 1 1 -1 -1 1 -1 -1 1 1 -1 1
1 -1 1 1 -1 1 -1 1 -1 -1 -1 1 -1 -1 1 1 -1 1 -3 -1 1 1 -1 -1
1 -1 1 1 1 -1 -1 1 -1 3 -1 1 1 -1 -1 1 1 1 -1 1 1 -1 -1 -1
1 -1 1 1 1 -1 1 -1 1 1 -1 -1 3 -1 1 1 -1 -1 1 1 -1 -1 1 -1
1 -1 1 1 1 -1 1 1 -1 1 3 1 1 -1 -1 -1 -1 -1 1 1 -1 -1 -1 1
1 -1 1 1 1 -1 1 1 1 -1 -1 -1 1 3 1 -1 1 -1 -1 1 -1 1 -1 -1
1 -1 1 1 1 1 -1 -1 1 -3 1 -1 1 1 -1 1 1 1 1 -1 -1 1 -1 1
1 -1 1 1 1 1 1 -1 1 -1 -3 1 1 -1 -1 1 1 1 -1 -1 1 -1 1 1
1 -1 1 1 1 1 1 1 1 -1 -1 -1 -3 1 -1 -1 1 1 1 1 1 -1 -1 1
1 -1 1 3 1 1 -1 1 1 1 -1 -1 -1 -1 -1 1 -1 1 1 -1 -1 1 1 -1
1 -1 3 -1 1 1 -1 1 1 -1 1 -1 -1 1 -1 1 -1 -1 -1 1 1 1 1 -1
1 -1 3 -1 1 1 1 1 1 1 -1 1 1 -1 1 -1 1 -1 1 1 1 1 -1 1
1 1 -1 -3 -1 1 1 1 -1 -1 -1 1 -1 -1 1 -1 1 1 1 -1 -1 -1 1 -1
1 1 -1 -3 1 -1 -1 -1 1 -1 -1 1 -1 1 -1 1 1 -1 1 -1 -1 1 -1 1
1 1 -1 -1 -1 -1 -1 1 -1 -1 -1 -1 1 1 1 -1 -1 -1 -1 -1 1 3 -1 1
1 1 -1 -1 -1 -1 -1 1 1 3 -1 -1 1 -1 1 1 1 -1 1 1 -1 1 -1 1
1 1 -1 -1 -1 -1 1 -1 -1 -1 1 1 1 -1 -1 -1 -1 -1 3 -1 1 1 -1 -1
1 1 -1 -1 -1 -1 1 -1 -1 1 -1 1 -1 -1 -1 1 -1 1 -1 1 1 1 -3 1
1 1 -1 -1 -1 -1 3 -1 -1 1 -1 -1 -1 1 1 1 1 -1 1 -1 1 1 1 1
1 1 -1 -1 -1 1 -1 -1 -1 -1 -1 -1 -1 -1 1 1 -1 -1 -1 1 -3 1 -1 -1
1 1 -1 -1 -1 1 -1 -1 1 1 1 -1 -3 1 1 1 1 1 1 1 -1 -1 1 1
1 1 -1 -1 -1 1 -1 -1 3 1 1 1 1 1 1 1 1 -1 -1 -1 1 -1 -1 -1
1 1 -1 -1 1 -1 -1 -1 -1 1 -1 -1 1 3 1 1 -1 1 1 1 -1 1 1 -1
1 1 -1 -1 1 -1 1 -1 -1 -1 1 -3 -1 1 -1 -1 1 1 -1 1 -1 1 -1 1
1 1 -1 -1 1 -1 1 -1 -1 1 -1 -1 1 -1 -1 -1 -1 1 -1 -1 -1 -1 3 1
1 1 -1 -1 1 1 -1 -1 -3 -1 1 1 -1 1 -1 -1 -1 -1 1 1 -1 -1 1 1
1 1 -1 -1 1 1 -1 -1 -1 1 1 -1 -1 1 1 -1 1 -1 -1 -3 -1 1 1 -1
1 1 -1 -1 1 1 -1 1 -3 1 -1 -1 -1 -1 1 1 1 1 -1 1 1 1 1 1
1 1 -1 -1 1 1 1 -1 1 1 1 -1 -1 -1 3 -1 -1 -1 -1 1 1 1 -1 1
1 1 -1 -1 3 -1 -1 -1 -1 1 -1 1 -1 -1 1 -1 -1 1 1 -1 1 -1 -1 -1
1 1 -1 1 -3 1 1 -1 -1 -1 1 1 1 1 1 -1 1 1 -1 -1 1 1 1 -1
1 1 -1 1 -1 -1 -1 -1 1 1 1 1 -1 3 -1 -1 -1 -1 1 -1 1 1 1 1
1 1 -1 1 -1 -1 -1 1 -1 -1 -1 1 -1 1 1 1 1 -1 1 -3 1 -1 -1 -1
1 1 -1 1 -1 -1 1 -1 -1 -1 -3 1 -1 1 -1 -1 -1 1 1 1 1 -1 1 -1
1 1 -1 1 -1 -1 3 1 -1 -1 1 -1 1 -1 -1 1 1 1 1 1 -1 -1 1 -1
1 1 -1 1 -1 1 -3 -1 1 -1 1 -1 -1 -1 1 -1 -1 1 1 -1 1 1 -1 -1
1 1 -1 1 -1 1 -1 1 -1 1 1 -1 1 1 -1 1 -1 1 3 -1 -1 -1 -1 1
1 1 -1 1 1 -1 -3 -1 1 -1 -1 1 -1 1 1 -1 1 -1 -1 1 -1 -1 1 -1
1 1 -1 1 1 -1 1 1 1 1 1 1 -1 1 -1 -1 1 -1 -3 1 1 -1 -1 1
1 1 -1 1 1 1 -1 1 1 -1 1 1 -1 -1 -3 1 -1 -1 1 1 1 1 -1 1
1 1 -1 1 1 1 -1 1 1 1 1 1 -1 -1 -1 -3 1 1 1 -1 -1 -1 1 1
1 1 -1 1 1 1 1 -1 -1 -1 -1 1 -1 1 -1 1 -1 1 -1 -1 -1 3 1 1
1 1 -1 1 1 1 1 -1 1 -1 1 1 1 -1 1 1 -1 1 1 -3 -1 -1 1 -1
1 1 -1 1 1 1 1 1 1 1 -3 1 -1 -1 1 -1 1 1 -1 1 -1 1 -1 -1
1 1 1 -3 1 -1 1 1 -1 -1 1 -1 1 -1 1 1 -1 -1 1 1 -1 1 1 1
1 1 1 -1 -3 1 -1 1 -1 -1 1 -1 -1 -1 1 -1 -1 -1 -1 1 1 -1 1 1
1 1 1 -1 -1 -3 1 -1 -1 -1 1 1 -1 -1 1 1 -1 1 -1 -1 1 -1 1 -1
1 1 1 -1 -1 -1 -1 -1 1 1 1 1 -1 -1 -1 1 -1 -3 1 1 -1 -1 1 -1
1 1 1 -1 -1 -1 -1 1 -1 1 -1 1 3 1 -1 -1 -1 -1 1 1 1 -1 1 1
1 1 1 -1 -1 -1 -1 1 1 1 -1 1 -1 -1 -1 1 1 -1 -1 -1 3 1 1 1
1 1 1 -1 -1 1 1 -1 -1 1 -1 1 1 -1 1 -1 -1 -1 -1 -3 1 -1 -1 1
1 1 1 -1 -1 1 1 -1 1 -1 -1 1 1 1 -1 1 -1 1 1 1 -3 -1 1 1
1 1 1 -1 -1 1 1 1 -1 1 1 -1 1 1 1 1 -1 -1 1 -1 1 -1 1 -3
1 1 1 -1 -1 1 1 1 1 -1 -1 -1 -1 -1 1 1 1 1 -1 -1 -1 1 -1 3
1 1 1 -1 1 -1 -1 -1 1 -1 1 1 1 1 1 1 -1 1 -3 1 -1 1 -1 1
1 1 1 -1 1 -1 -1 1 -1 1 1 -1 -1 1 1 -1 1 -1 1 -1 1 -1 -1 3
1 1 1 -1 1 -1 -1 1 1 -1 -1 -1 1 -1 1 -1 -1 1 -1 -1 -1 1 1 -3
1 1 1 -1 1 -1 1 -1 -1 1 1 1 1 -1 1 1 3 -1 1 -1 -1 -1 -1 -1
1 1 1 -1 1 -1 1 -1 1 1 -1 -1 -1 -1 -1 3 1 1 -1 1 -1 1 1 -1
1 1 1 -1 1 -1 1 1 1 -1 1 1 -1 1 1 -3 -1 -1 1 1 1 -1 1 -1
1 1 1 -1 1 1 1 -1 1 -3 -1 1 -1 -1 1 1 -1 1 1 1 1 1 -1 -1
1 1 1 -1 1 1 3 -1 -1 1 -1 -1 -1 -1 -1 -1 -1 -1 1 1 -1 -1 -1 -1
1 1 1 1 -1 -1 -1 1 -1 -1 1 -1 -1 1 -1 3 1 1 -1 1 1 -1 -1 1
1 1 1 1 -1 -1 -1 3 -1 1 -1 -1 -1 1 1 -1 1 1 1 1 -1 -1 1 -1
1 1 1 1 -1 -1 1 -1 -1 -1 1 -1 1 1 -1 -1 -3 -1 -1 1 -1 1 1 -1
1 1 1 1 -1 1 -1 -1 -1 -1 -1 -1 -1 3 1 -1 -1 1 -1 -1 -1 -1 -1 1
1 1 1 1 -1 1 -1 1 3 -1 -1 1 1 1 -1 -1 1 1 1 1 1 1 1 -1
1 1 1 1 -1 1 1 -1 -1 1 -1 -1 -1 -1 1 1 1 3 1 -1 1 -1 -1 -1
1 1 1 1 -1 1 1 -1 1 -1 1 1 1 -1 1 -1 1 -1 -1 3 -1 -1 -1 -1
1 1 1 1 -1 1 1 1 -1 1 -1 1 1 -3 -1 1 -1 -1 -1 1 -1 1 1 1
1 1 1 1 1 -1 -1 -1 1 -1 3 1 1 -1 -1 -1 1 -1 -1 -1 1 1 1 -1
1 1 1 1 1 -1 1 -1 1 1 1 -1 -1 1 1 1 -1 -1 1 -1 -3 1 -1 1
1 1 1 1 1 1 -1 -1 -1 -1 -1 1 1 -1 1 -3 -1 1 -1 1 1 1 1 1
1 1 1 1 1 1 -1 -1 -1 1 -1 1 -3 -1 -1 1 1 -1 -1 -1 -1 -1 -1 1
1 1 1 1 1 1 1 -1 -1 -1 -1 -1 1 1 -1 1 1 -1 1 3 1 1 1 1
1 1 1 1 3 1 -1 1 -1 -1 1 -1 -1 -1 1 -1 1 -1 1 1 -1 1 -1 -1
1 1 3 -1 -1 -1 -1 -1 -1 -1 1 -1 1 1 1 -1 1 1 1 1 1 1 -1 -1
1 1 3 1 1 -1 1 1 -1 1 -1 -1 1 1 1 1 -1 1 -1 -1 1 1 1 1
1 3 -1 -1 -1 -1 -1 1 -1 1 1 -1 1 -1 -1 -1 1 1 -1 -1 1 -1 -1 -1
1 3 1 1 1 1 -1 1 1 1 1 1 -1 -1 1 1 -1 1 -1 1 1 -1 1 -1
2 -2 0 0 -2 0 0 0 0 0 0 0 2 0 0 2 2 0 2 0 2 0 0 0
2 -2 0 0 0 0 -2 0 0 0 2 2 -2 0 0 0 0 0 0 0 2 -2 0 0
2 -2 0 0 0 0 0 0 0 0 0 0 0 -2 0 -2 0 2 2 2 0 0 0 -2
2 -2 0 0 0 0 0 0 2 0 0 2 0 -2 0 2 0 0 0 0 -2 0 -2 0
2 -2 0 2 0 0 0 0 0 0 0 2 2 2 0 0 -2 2 0 0 0 0 0 0
2 0 -2 0 -2 2 -2 0 0 0 -2 2 0 0 0 0 0 0 0 0 0 0 0 2
2 0 -2 0 0 2 0 0 0 0 0 0 0 0 0 -2 -2 0 -2 0 0 -2 0 -2
2 0 -2 0 0 2 2 0 0 0 0 0 0 0 -2 0 2 0 0 -2 0 0 -2 0
2 0 -2 2 0 0 0 -2 0 2 0 0 0 0 -2 0 0 0 0 2 -2 0 0 0
2 0 -2 2 0 0 0 2 0 -2 0 0 0 0 2 0 0 0 0 2 2 0 0 0
2 0 0 -2 0 0 0 0 0 -2 0 0 0 2 0 0 0 2 0 0 2 0 2 2
2 0 0 -2 0 0 0 0 0 0 0 0 0 -2 -2 0 2 0 0 2 0 -2 0 2
2 0 0 0 -2 0 0 -2 2 -2 0 0 -2 0 -2 0 0 0 -2 0 0 0 0 0
2 0 0 0 -2 0 0 0 0 0 -2 -2 2 0 0 0 0 2 -2 2 0 0 0 0
2 0 0 0 -2 0 0 0 2 0 0 0 0 0 2 2 -2 0 0 0 0 2 2 0
2 0 0 0 -2 0 2 2 2 0 -2 0 0 0 0 0 0 -2 0 0 0 -2 0 0
2 0 0 0 0 -2 0 0 0 2 2 -2 0 0 0 0 0 0 0 2 2 0 2 0
2 0 0 0 0 -2 2 0 2 0 0 0 2 0 -2 0 0 0 0 0 0 2 0 2
2 0 0 0 0 0 -2 2 0 0 0 0 0 0 -2 0 2 0 -2 0 -2 2 0 0
2 0 0 0 0 0 0 0 0 0 -2 -2 0 -2 0 0 -2 0 2 0 2 0 0 2
2 0 0 0 0 0 0 0 0 0 0 0 2 0 2 0 2 -2 -2 0 0 0 2 2
2 0 0 0 0 0 0 0 0 2 2 0 0 0 -2 2 -2 0 -2 -2 0 0 0 0
2 0 0 0 0 0 2 0 0 -2 2 2 0 2 0 2 0 -2 0 0 0 0 0 0
2 0 0 0 0 2 2 2 0 0 0 -2 0 0 0 -2 0 0 0 0 0 2 2 0
2 0 0 0 2 0 0 0 -2 0 -2 0 2 0 0 0 0 0 0 0 -2 0 -2 2
2 0 0 0 2 0 0 0 0 2 0 2 0 0 0 2 0 0 2 0 0 0 2 2
2 0 0 0 2 2 -2 2 0 0 0 0 2 0 0 0 0 0 0 -2 2 0 0 0
2 0 0 2 0 -2 2 0 0 2 0 0 0 0 0 -2 0 0 0 -2 0 0 0 -2
2 0 0 2 0 0 -2 0 -2 2 0 0 0 0 2 0 -2 -2 0 0 0 0 0 0
2 0 2 -2 0 0 -2 0 0 0 -2 0 0 0 2 2 0 0 0 0 0 -2 0 0
2 0 2 -2 0 0 0 0 0 2 0 0 -2 0 0 -2 0 2 -2 0 0 0 0 0
2 0 2 0 0 -2 0 0 0 0 0 -2 0 -2 0 0 0 -2 -2 0 0 0 -2 0
2 0 2 0 2 -2 0 -2 0 0 0 0 0 2 -2 0 0 0 0 0 0 -2 0 0
2 0 2 2 0 -2 0 0 0 0 0 2 -2 0 0 0 0 0 0 2 0 2 0 0
2 0 2 2 0 2 0 0 0 2 2 0 0 2 0 0 2 0 0 0 0 0 0 0
2 2 -2 0 0 -2 0 2 0 0 0 2 0 0 0 0 -2 0 0 0 -2 0 0 0
2 2 -2 0 2 0 0 0 0 0 0 -2 0 0 0 2 0 -2 0 0 0 -2 0 0
2 2 0 -2 0 2 0 2 0 0 0 0 0 2 0 0 0 0 0 2 0 0 -2 0
2 2 0 2 0 0 0 0 0 0 0 0 2 0 0 2 0 0 0 0 0 2 -2 -2
3 -1 -1 -1 -1 -1 -1 -1 1 -1 1 -1 1 1 1 -1 -1 -1 1 1 -1 -1 -1 1
3 -1 -1 -1 1 -1 -1 -1 -1 -1 -1 1 1 -1 -1 1 -1 -1 -1 1 1 1 1 -1
3 -1 -1 1 1 -1 -1 -1 1 1 -1 -1 -1 1 1 1 1 1 -1 -1 1 1 -1 1
3 -1 1 -1 -1 -1 1 1 -1 -1 -1 -1 -1 1 -1 1 -1 1 1 -1 -1 1 -1 -1
3 -1 1 1 1 1 1 -1 -1 -1 1 -1 -1 -1 1 1 -1 1 -1 1 -1 -1 1 1
3 1 1 1 -1 1 -1 -1 -1 -1 -1 -1 1 -1 -1 -1 1 -1 1 -1 -1 -1 1 -1
