# S_45: plateau 496-set S_T of the record 496, atom mask T=45 (bits atom0..atom5 = 101101; atoms applied: 0,2,3,5)
# base: data/S496.txt (sha256 139c1a3080ed0c4e789625468798eaaf7bd3ec29f2f33b073df659ab61a87a5f)
# atoms: runs/ls_search/plateau_atoms_496.json (sha256 d565cd97f1b8bb296ed96ed9dd0d3d9bc1a376df131cbae33f54af65e5a962a2) — four (12,12) + two (80,80) commuting, disjoint, negation-closed plateau moves (T3.2b)
# S_T = (S \ union of the applied atoms' remove sets) + (union of their add sets);
# rows are Leech minimal vectors (norm-32 integer scaling), sorted by canonical index
# generated by python/tools/materialize_64.py (task A1); deterministic, no timestamp
# invariants: |S|=496, antipodal, Gram off-diag {-32:248,-8:37504,0:47504,8:37504}, free vertices 0, min tightness 4, fingerprint class 1 (T3.4b), isometry class 2 (T3.4b)
 -3  -1  -1   1  -1   1   1  -1  -1   1  -1  -1  -1  -1  -1   1  -1  -1  -1   1  -1  -1  -1   1
 -3  -1   1  -1   1   1  -1  -1  -1   1   1  -1  -1   1  -1  -1  -1  -1   1  -1   1   1   1   1
 -3  -1   1  -1   1   1   1  -1  -1  -1  -1   1   1  -1   1   1   1  -1  -1  -1   1   1  -1  -1
 -3   1  -1  -1  -1   1  -1   1   1   1  -1   1   1  -1   1  -1   1   1  -1  -1  -1  -1  -1   1
 -3   1  -1   1   1  -1   1  -1  -1  -1  -1  -1  -1   1   1  -1   1   1   1  -1   1  -1  -1   1
 -3   1   1  -1   1  -1   1   1   1  -1  -1  -1   1  -1  -1   1  -1   1   1   1  -1  -1  -1  -1
 -3   1   1   1   1   1   1   1   1   1   1   1   1   1   1   1   1   1   1   1   1   1   1   1
 -2  -2  -2   0   0   0   0   0   0  -2   2   0   0   0   0   2   0   0   0   0  -2   0   0  -2
 -2  -2  -2   0   0   0   0   0   2   0   0  -2   2   0   0   0   0   0   2   0   0   0   0   2
 -2  -2   0   0   0   0   0   0   0   2  -2   0   2   2   0   0   0   0  -2   0   0   0   2   0
 -2  -2   0   0   0   0   2   2   2   0   0   0  -2   0   0   0  -2   0   0   0   0   0   2   0
 -2  -2   0   0   0   2   0   0   0  -2   0   2   0   2   0   0   0   0   0   0   0  -2   0   2
 -2  -2   2   0   0   2   0   2   0   0   0  -2   0   0   0   0   2   0   0   0  -2   0   0   0
 -2   0  -2  -2   0  -2   2  -2   2   0   0   0   0   0   0   0   0   0  -2   0   0   0   0   0
 -2   0  -2   0  -2   0   0   0   0   0  -2   0   0   0   0   0   2   0   0   2   2   2   0   0
 -2   0  -2   0   0   0  -2   0   0   0   0  -2   0   0   0   2   0   0  -2  -2   2   0   0   0
 -2   0  -2   0   0   0   0  -2   0   2   2   2   0   0   0   0   0   0   2   0   0  -2   0   0
 -2   0   0  -2   0   0  -2   0  -2   0   0   0   0   0   0   0   0   0   0   2   2  -2  -2   0
 -2   0   0  -2   2   0   0   0   0   0   0   0  -2   0   2   0   0  -2   0   0  -2  -2   0   0
 -2   0   0   0  -2  -2   0   0   0   0   0   0   0   0   0   0   0  -2   0  -2   0  -2  -2  -2
 -2   0   0   0  -2  -2   0   0   0   2   0   0   0   0   2   0  -2   0   0   0   2   0   0   2
 -2   0   0   0  -2   0   0  -2  -2  -2   0   0   2   0  -2   0   0   0   2   0   0   0   0   0
 -2   0   0   0  -2   2   0   2   0   0   2   0   0   0   0   0  -2   0   2   0   0   0  -2   0
 -2   0   0   0   0  -2   0   2  -2   0   0   0   0   0   2   0   0   2   0   0  -2   0   2   0
 -2   0   0   0   0   0   0  -2   0   2   0  -2   0  -2   2   0   2   0   0   0   0   0   2   0
 -2   0   0   0   0   0   0   0   2   2   0  -2  -2   0   0   0   0   2   0   0   0   2  -2   0
 -2   0   0   0   0   0   0   2  -2   0   0   0   0   2   0   0   0   0  -2   0   0   2  -2   2
 -2   0   0   0   0   2   0  -2   2   0   0   0   0   0  -2   0   0   2   0   0  -2   0   2   0
 -2   0   0   0   0   2   0   0  -2   2   2   0   0   0   0   0   0   2  -2   0   0   0   0  -2
 -2   0   0   0   0   2   0   0   0   0   0   0   2  -2   0   0  -2   0   0   0   2  -2   2   0
 -2   0   0   0   0   2   0   0   2   2  -2   0   0   0   0   0   0  -2   2   0   0   0   0  -2
 -2   0   0   0   2  -2   0   0   0   2   0   0   0   0  -2   0   2   0   0   0  -2   0   0   2
 -2   0   0   2  -2   0   0   0   0   0   2  -2   0   2   0   0   0   0   0   0   0  -2   2   0
 -2   0   0   2   0  -2   0  -2   0   0  -2   0   0   0   0   0   0   0   0   0  -2   2   0  -2
 -2   0   0   2   0   0  -2   0   2  -2   0   0   0   0   2   0   2  -2   0   0   0   0   0   0
 -2   0   0   2   0   0   0   0   0   0   2   0   2  -2   0  -2   0   0   0   2  -2   0   0   0
 -2   0   0   2   2   0  -2   0  -2   0   0   2  -2   0   0   2   0   0   0   0   0   0   0   0
 -2   0   2  -2  -2   0   2   0   0   0   0   0   0   2   0   0   0   2   0  -2   0   0   0   0
 -2   0   2   0   0   0   0  -2   2   0   2   0   0   0   2   0  -2   0   0   0   0   0   0  -2
 -2   0   2   0   0   0   0   0   0   0   2   0  -2  -2   0   0   0   2   0   0   0  -2   0   2
 -2   2  -2   0   0   0   0   0   0   2   0   0   2   0  -2   0  -2   0   0   0   0   2   0   0
 -2   2   0   0  -2   0  -2   0   0  -2   0   0  -2   0   0   0   0   2   0   0   0   0   0  -2
 -2   2   0   0   0   0   0  -2   0   0  -2   2   0   0   0   0   0  -2   0   0   0   0   2   2
 -2   2   0   0   0   0   0   0   0   0   0   0   0   2   0   2   0  -2  -2   2   0   0   0  -2
 -2   2   0   0   0   2   0   0   0  -2   0  -2   0  -2   0   0   0   0   0   0   0   2   0   2
 -2   2   2   0   0   0   0   2  -2   2   0   0   0  -2   0   0   0  -2   0   0   0   0   0   0
 -1  -3  -1  -1  -1  -1  -1  -1  -1   1   1  -1  -1   1   1  -1   1   1  -1  -1  -1  -1  -1   1
 -1  -3   1  -1  -1   1   1  -1  -1   1   1   1   1  -1   1   1  -1   1   1   1  -1   1   1   1
 -1  -1  -1  -3  -1   1   1   1  -1   1  -1  -1  -1  -1  -1  -1   1  -1  -1  -1   1  -1   1  -1
 -1  -1  -1  -3   1  -1   1   1  -1  -1  -1   1   1   1  -1   1  -1  -1   1  -1  -1   1   1   1
 -1  -1  -1  -1  -1  -1  -3  -1   1   1  -1   1  -1  -1  -1   1   1  -1  -1   1  -1  -1   1  -1
 -1  -1  -1  -1  -1  -1  -1   1   1  -1   1   1  -1   3  -1  -1   1  -1  -1  -1   1   1   1  -1
 -1  -1  -1  -1  -1  -1   1   1  -1   1   1   3  -1  -1  -1   1  -1  -1  -1   1   1   1  -1  -1
 -1  -1  -1  -1  -1  -1   1   1   1  -1   1   1  -1  -1   1  -3   1  -1   1   1   1  -1  -1   1
 -1  -1  -1  -1  -1   1  -1  -1   1   1  -1   1  -1   1  -1  -1  -3   1  -1  -1   1  -1  -1  -1
 -1  -1  -1  -1   1  -1  -1  -1  -1  -1  -1   1   1  -1  -1   1  -1   3  -1   1   1   1   1  -1
 -1  -1  -1  -1   1   1  -1  -1   1  -1  -3  -1  -1   1  -1  -1   1  -1  -1  -1  -1   1  -1   1
 -1  -1  -1  -1   1   1  -1  -1   1   1   1   1  -1  -1   1   1   1  -1  -1   1   1   1  -1   3
 -1  -1  -1  -1   1   1  -1   1  -1  -1   1  -1   1  -1  -3  -1  -1   1  -1  -1  -1  -1  -1   1
 -1  -1  -1  -1   1   1  -1   1  -1   1  -1  -1  -1  -1   1   1  -1  -1  -1   1  -1   3   1  -1
 -1  -1  -1  -1   1   1   1  -1  -1   1  -1  -1   1  -1   1  -3  -1   1  -1   1   1   1  -1   1
 -1  -1  -1  -1   1   1   3   1   1   1   1   1   1  -1  -1  -1   1   1   1  -1  -1   1  -1  -1
 -1  -1  -1  -1   1   3  -1  -1   1  -1   1  -1  -1  -1   1  -1   1   1   1  -1   1  -1  -1  -1
 -1  -1  -1   1  -1  -1  -1   1  -3   1  -1  -1  -1  -1  -1  -1  -1   1   1  -1   1   1  -1  -1
 -1  -1  -1   1  -1  -1  -1   1  -1  -3  -1   1  -1  -1  -1  -1  -1  -1  -1   1  -1   1   1   1
 -1  -1  -1   1  -1  -1   1   1  -1   1   1   1   1  -1  -1  -1   1  -1   1  -1   1   1   3   1
 -1  -1  -1   1  -1  -1   1   1  -1   3   1  -1   1   1   1   1   1  -1   1   1  -1   1  -1  -1
 -1  -1  -1   1  -1  -1   1   1   1  -1   1  -1   1  -1   1  -1  -1  -1  -1  -1   1   3  -1  -1
 -1  -1  -1   1  -1  -1   1   1   1   1   1   1   1   1  -1   1  -1   3  -1   1  -1  -1  -1   1
 -1  -1  -1   1  -1   1   1  -1  -1  -1   1   1  -1   1   1  -3  -1   1   1  -1  -1   1   1  -1
 -1  -1  -1   1  -1   1   1   1  -1  -1   1  -1   1  -1   3   1   1   1  -1   1   1  -1  -1   1
 -1  -1  -1   1   1  -3  -1   1  -1  -1  -1  -1   1   1  -1   1   1  -1   1   1   1  -1   1  -1
 -1  -1  -1   1   1  -1  -1   1   1   1   1   1  -1  -1   1  -1   1   1   1   1   1   1   1  -3
 -1  -1  -1   1   1   1   1  -1   1   1  -1   1  -1   1   1   1   3   1  -1   1  -1  -1  -1  -1
 -1  -1  -1   1   1   1   1   1  -1   1   1   1  -1  -1   1  -1  -1  -1  -1  -3   1  -1  -1   1
 -1  -1  -1   1   1   3   1   1   1  -1  -1  -1   1   1  -1   1  -1   1  -1   1   1   1  -1  -1
 -1  -1  -1   1   3  -1  -1  -1   1  -1   1  -1  -1  -1   1  -1  -1   1  -1  -1  -1   1   1   1
 -1  -1   1  -3   1  -1  -1   1   1   1   1   1   1   1   1   1   1   1  -1   1  -1   1  -1  -1
 -1  -1   1  -1  -3   1  -1  -1   1  -1  -1  -1  -1  -1   1  -1  -1  -1   1  -1  -1  -1   1   1
 -1  -1   1  -1  -1  -1  -1   1  -1  -1  -1   1  -1  -1   1   1   1  -1   3   1  -1   1  -1  -1
 -1  -1   1  -1  -1  -1  -1   1   1   3   1  -1   1  -1  -1  -1  -1   1   1  -1  -1  -1   1  -1
 -1  -1   1  -1  -1   1  -1   1  -1   1   1   1   1   1   3  -1   1  -1   1  -1   1  -1   1  -1
 -1  -1   1  -1  -1   1  -1   1   1  -1  -1   1  -1  -1  -1   3  -1   1  -1  -1  -1   1  -1   1
 -1  -1   1  -1   1  -1  -1  -1  -1  -1  -1  -1  -1  -1  -1   1   1   1   1  -3  -1  -1   1  -1
 -1  -1   1  -1   1  -1  -1  -1   3   1  -1   1  -1   1   1  -1   1   1   1  -1   1  -1   1   1
 -1  -1   1  -1   1  -1  -1   1  -1  -1  -1  -1   1  -1   1  -1   1  -1  -1  -1   1  -1   1   3
 -1  -1   1  -1   1  -1  -1   1   1   1  -1   1   1  -1  -1  -1  -1  -1   1   3   1   1   1   1
 -1  -1   1   1  -1  -1  -1  -1  -1  -1   1   1   1   1   1   1  -1  -1  -1  -3  -1   1   1   1
 -1  -1   1   1  -1  -1   1  -1  -1  -1  -1  -1  -1  -1   1  -1  -1   1   1   3   1  -1   1  -1
 -1  -1   1   1  -1  -1   1  -1   1  -1  -1  -1  -1   1   1   1   1   1  -1   1  -1   1   1   3
 -1  -1   1   1  -1  -1   1   1   1   1  -1   1   1  -1   1   1   1  -1   1   1  -1  -3   1   1
 -1  -1   1   1  -1   1  -3   1   1   1   1   1  -1   1   1  -1  -1   1  -1   1  -1   1   1   1
 -1  -1   1   1  -1   1  -1  -1  -1   1  -1   1  -1  -1  -1  -1   3  -1   1  -1   1  -1  -1   1
 -1  -1   1   1  -1   1  -1  -1   1  -1   1   1   1   1  -1  -1   1   1  -1  -1  -1   1  -3  -1
 -1  -1   1   1  -1   1   1   1  -1  -1  -1  -1   1   1   1   1  -1  -3   1   1   1   1   1   1
 -1  -1   1   1   1  -1  -1   1  -1  -3   1   1   1  -1   1  -1  -1   1   1  -1   1  -1  -1  -1
 -1  -1   1   1   1  -1   1  -1  -1  -1   1   1  -1  -1  -1  -1   1   1   1   1   1   3  -1   1
 -1  -1   1   1   1  -1   1  -1   1  -1   1   3  -1  -1  -1  -1   1  -1  -1  -1  -1  -1   1  -1
 -1  -1   1   1   1  -1   1   1  -1   1   1  -3   1  -1  -1   1  -1   1  -1   1   1   1   1   1
 -1  -1   1   1   1  -1   1   1   3   1   1  -1   1   1  -1  -1   1  -1  -1   1   1  -1  -1  -1
 -1  -1   1   1   1   1  -3  -1  -1   1  -1  -1   1  -1   1  -1  -1  -1  -1  -1  -1  -1  -1  -1
 -1  -1   1   1   1   1   1  -1   1  -1  -1   1   1  -1  -1  -1  -3  -1   1  -1  -1   1  -1   1
 -1  -1   1   1   1   1   1   1  -1   1   1   1   1   1  -3   1  -1  -1   1   1  -1  -1   1  -1
 -1  -1   1   1   3   1   1  -1   1  -1  -1  -1  -1  -1  -1   1   1  -1   1   1   1  -1   1   1
 -1  -1   3   1  -1   1  -1  -1   1   1  -1  -1   1   1  -1   1  -1   1   1   1   1  -1  -1   1
 -1   1  -1  -1  -1  -1  -1  -1   1  -1   1   1  -1   1  -1  -1  -1   1   1  -1  -1   1  -1   3
 -1   1  -1  -1  -1  -1   1   1   1  -1  -1  -3  -1   1   1   1   1  -1   1  -1  -1   1   1  -1
 -1   1  -1  -1  -1   1  -1  -1  -1   1   1  -1  -1  -1  -1  -1   1  -1   1  -1  -3   1  -1  -1
 -1   1  -1  -1  -1   1  -1   1   1  -1  -1  -1  -1   1  -3   1  -1  -1   1   1   1  -1   1   1
 -1   1  -1  -1  -1   1   1  -1   1  -1   1   1  -1  -1  -1   1  -1  -1   1  -3   1   1   1  -1
 -1   1  -1  -1  -1   1   1   1  -1   1   1  -1   1  -1  -1   3   1   1   1  -1  -1  -1   1   1
 -1   1  -1  -1   1  -1  -1  -1  -1   1  -1  -3  -1   1  -1  -1  -1   1  -1   1  -1  -1   1  -1
 -1   1  -1  -1   1  -1  -1  -1  -1   3  -1   1  -1   1   1  -1   1  -1  -1  -1   1   1  -1  -1
 -1   1  -1  -1   1  -1  -1  -1   1   1  -1  -1  -1  -3  -1  -1  -1  -1   1  -1   1  -1  -1   1
 -1   1  -1  -1   1  -1  -1   1  -1  -1  -1   1   1   1  -1  -3   1   1   1   1  -1   1  -1  -1
 -1   1  -1  -1   1  -1  -1   1  -1   1   3  -1   1  -1   1  -1   1   1   1  -1   1   1  -1   1
 -1   1  -1  -1   1  -1   1  -1  -1   1  -1   1  -1   1   1   1  -1   1   1   3  -1   1  -1   1
 -1   1  -1  -1   1  -1   1   1  -1  -1   1   1  -1   1  -1   1  -1   1  -1  -1   1  -3   1  -1
 -1   1  -1  -1   1   1  -1   1   1  -1  -1   1   1   1   1  -1  -1  -1   1  -1   3   1  -1   1
 -1   1  -1  -1   1   1  -1   1   3  -1   1   1  -1  -1  -1  -1  -1  -1  -1   1  -1   1  -1  -1
 -1   1  -1  -1   1   1   1  -1   1  -1   1  -1   1   3  -1  -1  -1  -1   1  -1  -1  -1  -1  -1
 -1   1  -1   1  -1  -1  -1  -1   1  -1  -1  -1   3   1   1  -1  -1   1  -1   1   1  -1  -1  -1
 -1   1  -1   1  -1  -1   1   1  -1  -1  -1   1   1   1   1   3  -1   1   1  -1   1   1  -1  -1
 -1   1  -1   1  -1  -1   1   1  -1   1  -1   1  -3   1  -1  -1   1  -1   1   1  -1  -1   1  -1
 -1   1  -1   1  -1  -1   1   1   1  -1   1  -1  -1  -3  -1   1   1  -1  -1   1   1  -1   1  -1
 -1   1  -1   1  -1   1   1  -1   3  -1  -1   1  -1  -1   1   1  -1   1   1   1   1  -1  -1   1
 -1   1  -1   1  -1   1   1   1   1  -1  -1   1   1   1  -1   1   1  -1   1   1  -3   1  -1   1
 -1   1  -1   1  -1   1   3   1   1  -1  -1   1   1   1   1  -1   1  -1  -1  -1   1  -1   1  -1
 -1   1  -1   1   1  -1  -1  -1   1  -1   1   1  -1   1  -1  -1   1   1  -1   3   1  -1   1   1
 -1   1  -1   1   1  -1   1   1  -1  -1   1   1   1  -1  -1   1  -1  -1   1   1   1  -1  -1   3
 -1   1  -1   1   1   1  -3   1   1   1   1  -1   1   1  -1   1   1   1   1   1  -1  -1  -1  -1
 -1   1  -1   1   1   1   1  -1  -1   1   1  -1  -1  -1   1   1  -1  -1   1   1   3   1  -1  -1
 -1   1  -1   1   1   1   1  -1   1   1  -1  -1   1   1   3   1  -1  -1  -1  -1  -1   1  -1   1
 -1   1  -1   1   1   3  -1   1  -1   1  -1  -1  -1   1   1  -1   1  -1  -1   1   1  -1   1   1
 -1   1  -1   3  -1  -1   1  -1   1   1   1   1  -1   1  -1   1   1  -1  -1  -1   1   1  -1   1
 -1   1   1  -1  -1  -1  -3   1  -1   1  -1   1   1   1  -1   1   1   1   1  -1   1   1   1   1
 -1   1   1  -1  -1  -1   1  -1   1  -1   1  -1   1   1   1   1   1  -1   1   1   1   1  -3   1
 -1   1   1  -1  -1  -1   1   1   1  -1  -1   1   1  -1  -3  -1   1  -1  -1  -1   1   1  -1   1
 -1   1   1  -1  -1   1  -1  -1   1   1   1   1   1  -3  -1   1   1   1   1   1   1   1  -1  -1
 -1   1   1  -1  -1   3  -1   1  -1  -1  -1   1   1   1  -1  -1  -1  -1  -1  -1  -1   1   1  -1
 -1   1   1  -1   1  -3  -1   1   1  -1  -1   1  -1  -1   1   1  -1  -1  -1  -1   1   1   1  -1
 -1   1   1  -1   1  -1  -1  -1  -1   1   1  -1   3   1   1   1  -1  -1   1   1  -1  -1   1   1
 -1   1   1  -1   1  -1   1  -1  -1   1  -1   1   1  -1   1  -1  -1   1   3  -1   1   1   1  -1
 -1   1   1  -1   1  -1   1   1   1   1   1   1   1   1   1  -3  -1  -1  -1  -1  -1   1   1   1
 -1   1   1  -1   1   1  -1  -1  -1  -1   1   1  -1   1   1  -1   3   1  -1  -1  -1   1   1   1
 -1   1   1  -1   1   1  -1   1   1  -1   1   1   1  -1  -1  -1   1  -1   3  -1  -1  -1   1   1
 -1   1   1  -1   1   1   1   1  -3  -1  -1  -1  -1   1  -1   1   1   1   1   1   1   1   1  -1
 -1   1   1  -1   1   1   3  -1  -1   1   1   1  -1   1  -1  -1   1  -1  -1   1   1  -1  -1   1
 -1   1   1  -1   3   1  -1   1   1   1  -1  -1   1  -1  -1  -1   1   1  -1  -1   1   1   1  -1
 -1   1   1   1  -3   1   1   1   1   1  -1  -1   1  -1   1   1  -1   1  -1   1  -1   1   1  -1
 -1   1   1   1  -1  -1   1  -1   1   1   1  -1  -1  -1  -1   1  -1  -1   3   1  -1   1   1   1
 -1   1   1   1  -1   1   1  -1  -1  -1   1   1  -1   1  -1   1  -3   1  -1   1   1   1   1   1
 -1   1   1   1  -1   1   1  -1  -1   1  -1  -3   1   1  -1  -1   1  -1  -1  -1   1   1  -1  -1
 -1   1   1   1  -1   1   1   1   1  -1  -1  -1  -1   1  -1  -3  -1   1  -1   1  -1  -1  -1   1
 -1   1   1   1  -1   3   1  -1  -1  -1   1   1  -1  -1   1   1   1  -1   1   1  -1  -1   1  -1
 -1   1   1   1   1  -1   1  -1   1  -3   1  -1   1   1  -1   1   1   1  -1  -1   1   1   1  -1
 -1   1   1   1   1  -1   1  -1   1   3  -1   1  -1  -1  -1   1  -1   1  -1   1   1  -1   1  -1
 -1   1   1   1   1  -1   1   1   1   1  -1  -1   1   1  -1   1  -1  -1   1  -3   1  -1   1   1
 -1   1   1   1   3   1   1  -1  -1  -1  -1   1   1   1   1  -1  -1   1  -1   1  -1  -1   1  -1
 -1   1   1   3  -1  -1  -1   1  -1  -1  -1  -1   1  -1  -1   1   1   1  -1  -1  -1  -1  -1   1
 -1   1   3  -1  -1  -1  -1  -1  -1  -1  -1   1   1  -1   1  -1  -1   1  -1   1  -1   1  -1   1
 -1   1   3   1   1  -1  -1  -1  -1  -1   1  -1  -1   1  -1  -1   1  -1   1   1  -1  -1  -1  -1
 -1   3  -1   1   1   1   1   1   1   1   1  -1  -1  -1   1  -1  -1   1   1  -1  -1  -1   1  -1
  0  -4   0   4   0   0   0   0   0   0   0   0   0   0   0   0   0   0   0   0   0   0   0   0
  0  -2  -2   0   0   0   0  -2   0   0  -2   0   0   0   2   0   0  -2   0   0   2  -2   0   0
  0  -2  -2   0   0   0   0   0  -2   0   2   0   2   2   0   0  -2   0   0   0   2   0   0   0
  0  -2  -2   0   0   2  -2   0   0   0   0   2   0   0  -2   0   0   0   2   0   0   2   0   0
  0  -2   0  -2   0   0   0   0   2  -2   0   0   0  -2   0   0   2   0   0   0   0   2   2   0
  0  -2   0  -2   0   0   2   0   0   0   0  -2   0   2   0   2   0   0   0   2   0  -2   0   0
  0  -2   0   0  -2   0   0   0   0   0  -2   2   2  -2   0  -2   0   0   0   0   0   0   0  -2
  0  -2   0   0  -2   0   0   0   0   0   0  -2   0   2  -2   0  -2   0   0   0  -2   2   0   0
  0  -2   0   0  -2   0   0   2   2   0  -2   0   0   2   2   0   0   0   0   0   0   0  -2   0
  0  -2   0   0  -2   0   2  -2   0   0   2   0   0   0   0   0   2   0   0   0   2   0   0  -2
  0  -2   0   0   0  -2   0  -2   0   0   0   0   0   0  -2   0  -2   0   0   0   0  -2   2   2
  0  -2   0   0   0  -2   0   0   0   0   2   0   0   0   2   0   0  -2  -2   2   0   0   2   0
  0  -2   0   0   0  -2   2   2   0   0   0   0   0   0   0   2   2   0  -2  -2   0   0   0   0
  0  -2   0   0   0   0   0  -2   0   0   0   0   0   2   0   0   2  -2   2   0  -2   0   2   0
  0  -2   0   0   0   0   0  -2   0   2   0   0   0  -2  -2   0   0   0  -2  -2   0   2   0   0
  0  -2   0   0   0   0   0   0  -2   0   2  -2   0  -2   0   0   0  -2   2   0   0  -2   0   0
  0  -2   0   0   0   0   0   0   0  -2   0  -2  -2   0   0   0  -2   0   0   0   2   0  -2   2
  0  -2   0   0   0   0   0   0   2   0  -2  -2   0  -2   0   0   0   2  -2   0   0  -2   0   0
  0  -2   0   0   0   0   0   0   2   0   0   0  -2   0  -2   0   0   0   2   0  -2  -2  -2   0
  0  -2   0   0   0   0   2   0  -2  -2  -2   0   0   0   0   0   0   2   0   0  -2   0  -2   0
  0  -2   0   0   0   0   2   0   0   0  -2   0   0   2  -2  -2   0   0   2   0   2   0   0   0
  0  -2   0   0   0   2   0  -2  -2  -2   0  -2   0   0   0   0   0   0  -2   0   0   0   2   0
  0  -2   0   0   0   2   0   0  -2   0   0   0  -2   2   0   0   0  -2   0   0   0   0  -2  -2
  0  -2   0   0   2   0  -2   0   2   0   0   0   0   2   0   2  -2  -2   0   0   0   0   0   0
  0  -2   0   0   2   0   0  -2   0   0   0   0   2   0   0   0   0   0   2   2   0   0  -2  -2
  0  -2   0   0   2   0   0   0   0   0   0  -2   0   2   2   0   2   0   0   0   2   2   0   0
  0  -2   0   0   2   0   0   0   0   0   2   0   2   0   0   0   2   2   0   0   0  -2   2   0
  0  -2   0   0   2   0   0   2   0   2  -2   0   0   0   0   2   0   2   2   0   0   0   0   0
  0  -2   2   0  -2   0   0   2  -2   0   0   0   0   0   0   0  -2   0  -2   0   0  -2   0   0
  0  -2   2   0   0  -2   0   0   0   2  -2  -2  -2   0   0   0   0  -2   0   0   0   0   0   0
  0  -2   2   0   0  -2   0   2   0   0   2   0   0   2   0   0   0   0   2   0   0   0   0   2
  0  -2   2   0   2   0   0   0   0   0   0   0  -2   2  -2   0   0   2  -2   0   0   0   0   0
  0   0  -4   0   0   0   0   0   0   0   0   0   0   0   0   0   0   0   0   0   0   0  -4   0
  0   0  -2  -2  -2  -2   0   0   0   0  -2   0   0   0   0   0   0   2   2   0   0  -2   0   0
  0   0  -2  -2   0   0  -2  -2   0   0   0   0   2   0   0  -2   0   0   0  -2   0   0   2   0
  0   0  -2  -2   0   0   0   0   0   0   2   0   2   0  -2   0   2  -2   0   2   0   0   0   0
  0   0  -2  -2   0   2   0   2   0   0   0   0  -2   2   0   0   0   2   0   0  -2   0   0   0
  0   0  -2   0  -2   0   0  -2   0   0   2  -2   0  -2   0   0  -2   2   0   0   0   0   0   0
  0   0  -2   0   0  -2   0  -2  -2   0   0  -2   0   0   0   0   0  -2   0   0   0   2   0   2
  0   0  -2   0   0  -2   0   0  -2   2   0   0   2  -2   0   0   0   0  -2   0   0  -2   0   0
  0   0  -2   0   0  -2   0   0   0   0   0   2   2   2   2   0   2   0   0   0   0   0   0   2
  0   0  -2   0   0  -2   0   0   0   2   0   0  -2   0   0   2  -2   0   0  -2  -2   0   0   0
  0   0  -2   0   0   0   0  -2  -2   0   0   2   0   2  -2   0   0   0  -2   0  -2   0   0   0
  0   0  -2   0   0   0   0  -2   0  -2   0   0   0  -2   0   0   2   0   0   0  -2  -2   0   2
  0   0  -2   0   0   0   0   0   0   0   0  -2   2   0   0   0   2   2  -2   0  -2   2   0   0
  0   0  -2   0   0   0   0   0   2   0  -2   0   0   0   2  -2   0   0   0   2  -2   0   2   0
  0   0  -2   0   0   0   0   2   0  -2   0  -2   0   0   0  -2   0   2   0   0   2   0   2   0
  0   0  -2   0   0   2   0   0   0   0   2   0   0   0   0   0  -2  -2   0   0  -2   0   2   2
  0   0  -2   0   2   0   0   0   0  -2  -2   0  -2   0   0   0  -2   0   2   0   0   0   0  -2
  0   0  -2   0   2   0   0   0   2   0  -2   2   2   0  -2   0   0   0   0   0   0  -2   0   0
  0   0  -2   2  -2   0  -2   2   0   0   0   2   0   0   0   0   0   0   0   0   2  -2   0   0
  0   0  -2   2   0   0  -2  -2   0   2  -2   0   0   0   0   0   0   2   0   0   0   0   0   2
  0   0  -2   2   0   0   0   2   0   0   0   0  -2   0   2   0   0   0   2   0   0   2   0   2
  0   0  -2   2   0   0   2  -2   0   0   0   0   2   0   0   2   0   0   0   2   0   0   2   0
  0   0  -2   2   2   0   0   0  -2   0   0   0   2   0   0   0   0   0   2  -2  -2   0   0   0
  0   0   0  -2  -2   0   0   0  -2   0   0   0   0   2   0  -2   0   0   0   2   0   0   2   2
  0   0   0  -2  -2   2  -2  -2   0   0   2   0   0   2   0   2   0   0   0   0   0   0   0   0
  0   0   0  -2   0  -2  -2   0   2  -2   2  -2   0   0   0   0   0   0   0   0   0  -2   0   0
  0   0   0  -2   0  -2   0  -2  -2  -2   0   0   0   2   2   0   0   0   0   0   0   0   0  -2
  0   0   0  -2   0   0   0  -2   0  -2   0   0   0  -2   0   2  -2  -2   0   2   0   0   0   0
  0   0   0  -2   0   0   0  -2   0   0   0  -2   0   0  -2   0   2   2   0   0   2   0   0   2
  0   0   0  -2   0   0   0   0   0   2   2  -2   0   0   0   0  -2  -2  -2   0   0   0  -2   0
  0   0   0  -2   0   0   2   0   0   0   0   0  -2  -2   2   2   0   2   0   0   0   0   0  -2
  0   0   0  -2   0   0   2   0   0   0   0   2   2   0   2   0  -2   0   0   0   0  -2  -2   0
  0   0   0  -2   0   0   2   2   0   0   0   0   0  -2   0   0   0   0  -2   2  -2   0   0   2
  0   0   0  -2   0   2   2   0   0   0  -2   0   0   0   2   0   2   0   2   0   0   0   0   2
  0   0   0   0  -2  -2   0  -2   0   2   0   0   0   0  -2  -2   0   0   0   2   0   0  -2   0
  0   0   0   0  -2   0  -2   2   0   0   0  -2   0   0   0  -2   0  -2   0   2   0   0   0  -2
  0   0   0   0  -2   0   0  -2  -2   2   0   0   0   0   0   0  -2  -2   0   0   0   0   2  -2
  0   0   0   0  -2   0   0  -2   0   0   0   2   0   0   2   0   0   2  -2   0   0  -2   2   0
  0   0   0   0  -2   0   0  -2   2   0  -2   0   2   0   0   2   2   0   0  -2   0   0   0   0
  0   0   0   0  -2   0   0   0  -2   0  -2   0   0   0   2   0   2  -2  -2   0  -2   0   0   0
  0   0   0   0  -2   0   0   0   2   0   0   2   2   2   0   0  -2   0   2   0   0   0   2   0
  0   0   0   0  -2   0   0   0   2   0   2   0   0   0   2   0   2   2   2   0  -2   0   0   0
  0   0   0   0  -2   2   0   0   0   2   0   0  -2   0   0   0   0   2   2   0   2   0   2   0
  0   0   0   0   0  -2   0  -2   0   2   2   0   0   2   0   0   0   2   0   0   0   2   2   0
  0   0   0   0   0  -2   0   0   0   0  -2   2  -2   0   0   0   0   0  -2   0   0  -2  -2   2
  0   0   0   0   0  -2   0   0   0   0   0  -2   0   0   2  -2  -2   0   2   0  -2   0  -2   0
  0   0   0   0   0  -2   2   0   0   0   2  -2  -2   0  -2  -2   0   0   0  -2   0   0   0   0
  0   0   0   0   0   0  -2   0   0   0   0   0   0   0   2   2   0   0   2  -2   0  -2  -2   2
  0   0   0   0   0   0  -2   2   0  -2   2   0   0   0   0   2   0   0   0   2   2   2   0   0
  0   0   0   0   0   0   0  -4   0   0   0   0  -4   0   0   0   0   0   0   0   0   0   0   0
  0   0   0   0   0   0   0  -2   0  -2   2   0   0   0   2   0   0   0   2   0   2   0   2   2
  0   0   0   0   0   0   0  -2   2   0  -2  -2   0   0   0   0  -2   0   0   0   2   2   2   0
  0   0   0   0   0   0   0   0   0   0  -2  -2   2  -2  -2   0   0  -2   0   0  -2   0   2   0
  0   0   0   0   0   0   0   0   0   0   2   2  -2   2   2   0   0   2   0   0   2   0  -2   0
  0   0   0   0   0   0   0   2  -2   0   2   2   0   0   0   0   2   0   0   0  -2  -2  -2   0
  0   0   0   0   0   0   0   2   0   2  -2   0   0   0  -2   0   0   0  -2   0  -2   0  -2  -2
  0   0   0   0   0   0   0   4   0   0   0   0   4   0   0   0   0   0   0   0   0   0   0   0
  0   0   0   0   0   0   2  -2   0   2  -2   0   0   0   0  -2   0   0   0  -2  -2  -2   0   0
  0   0   0   0   0   0   2   0   0   0   0   0   0   0  -2  -2   0   0  -2   2   0   2   2  -2
  0   0   0   0   0   2  -2   0   0   0  -2   2   2   0   2   2   0   0   0   2   0   0   0   0
  0   0   0   0   0   2   0   0   0   0   0   2   0   0  -2   2   2   0  -2   0   2   0   2   0
  0   0   0   0   0   2   0   0   0   0   2  -2   2   0   0   0   0   0   2   0   0   2   2  -2
  0   0   0   0   0   2   0   2   0  -2  -2   0   0  -2   0   0   0  -2   0   0   0  -2  -2   0
  0   0   0   0   2  -2   0   0   0  -2   0   0   2   0   0   0   0  -2  -2   0  -2   0  -2   0
  0   0   0   0   2   0   0   0  -2   0  -2   0   0   0  -2   0  -2  -2  -2   0   2   0   0   0
  0   0   0   0   2   0   0   0  -2   0   0  -2  -2  -2   0   0   2   0  -2   0   0   0  -2   0
  0   0   0   0   2   0   0   0   2   0   2   0   0   0  -2   0  -2   2   2   0   2   0   0   0
  0   0   0   0   2   0   0   2  -2   0   2   0  -2   0   0  -2  -2   0   0   2   0   0   0   0
  0   0   0   0   2   0   0   2   0   0   0  -2   0   0  -2   0   0  -2   2   0   0   2  -2   0
  0   0   0   0   2   0   0   2   2  -2   0   0   0   0   0   0   2   2   0   0   0   0  -2   2
  0   0   0   0   2   0   2  -2   0   0   0   2   0   0   0   2   0   2   0  -2   0   0   0   2
  0   0   0   0   2   2   0   2   0  -2   0   0   0   0   2   2   0   0   0  -2   0   0   2   0
  0   0   0   2   0  -2  -2   0   0   0   2   0   0   0  -2   0  -2   0  -2   0   0   0   0  -2
  0   0   0   2   0   0  -2  -2   0   0   0   0   0   2   0   0   0   0   2  -2   2   0   0  -2
  0   0   0   2   0   0  -2   0   0   0   0  -2  -2   0  -2   0   2   0   0   0   0   2   2   0
  0   0   0   2   0   0  -2   0   0   0   0   0   2   2  -2  -2   0  -2   0   0   0   0   0   2
  0   0   0   2   0   0   0   0   0  -2  -2   2   0   0   0   0   2   2   2   0   0   0   2   0
  0   0   0   2   0   0   0   2   0   0   0   2   0   0   2   0  -2  -2   0   0  -2   0   0  -2
  0   0   0   2   0   0   0   2   0   2   0   0   0   2   0  -2   2   2   0  -2   0   0   0   0
  0   0   0   2   0   2   0   2   2   2   0   0   0  -2  -2   0   0   0   0   0   0   0   0   2
  0   0   0   2   0   2   2   0  -2   2  -2   2   0   0   0   0   0   0   0   0   0   2   0   0
  0   0   0   2   2  -2   2   2   0   0  -2   0   0  -2   0  -2   0   0   0   0   0   0   0   0
  0   0   0   2   2   0   0   0   2   0   0   0   0  -2   0   2   0   0   0  -2   0   0  -2  -2
  0   0   2  -2  -2   0   0   0   2   0   0   0  -2   0   0   0   0   0  -2   2   2   0   0   0
  0   0   2  -2   0   0  -2   2   0   0   0   0  -2   0   0  -2   0   0   0  -2   0   0  -2   0
  0   0   2  -2   0   0   0  -2   0   0   0   0   2   0  -2   0   0   0  -2   0   0  -2   0  -2
  0   0   2  -2   0   0   2   2   0  -2   2   0   0   0   0   0   0  -2   0   0   0   0   0  -2
  0   0   2  -2   2   0   2  -2   0   0   0  -2   0   0   0   0   0   0   0   0  -2   2   0   0
  0   0   2   0  -2   0   0   0  -2   0   2  -2  -2   0   2   0   0   0   0   0   0   2   0   0
  0   0   2   0  -2   0   0   0   0   2   2   0   2   0   0   0   2   0  -2   0   0   0   0   2
  0   0   2   0   0  -2   0   0   0   0  -2   0   0   0   0   0   2   2   0   0   2   0  -2  -2
  0   0   2   0   0   0   0  -2   0   2   0   2   0   0   0   2   0  -2   0   0  -2   0  -2   0
  0   0   2   0   0   0   0   0  -2   0   2   0   0   0  -2   2   0   0   0  -2   2   0  -2   0
  0   0   2   0   0   0   0   0   0   0   0   2  -2   0   0   0  -2  -2   2   0   2  -2   0   0
  0   0   2   0   0   0   0   2   0   2   0   0   0   2   0   0  -2   0   0   0   2   2   0  -2
  0   0   2   0   0   0   0   2   2   0   0  -2   0  -2   2   0   0   0   2   0   2   0   0   0
  0   0   2   0   0   2   0   0   0  -2   0   0   2   0   0  -2   2   0   0   2   2   0   0   0
  0   0   2   0   0   2   0   0   0   0   0  -2  -2  -2  -2   0  -2   0   0   0   0   0   0  -2
  0   0   2   0   0   2   0   0   2  -2   0   0  -2   2   0   0   0   0   2   0   0   2   0   0
  0   0   2   0   0   2   0   2   2   0   0   2   0   0   0   0   0   2   0   0   0  -2   0  -2
  0   0   2   0   2   0   0   2   0   0  -2   2   0   2   0   0   2  -2   0   0   0   0   0   0
  0   0   2   2   0  -2   0  -2   0   0   0   0   2  -2   0   0   0  -2   0   0   2   0   0   0
  0   0   2   2   0   0   0   0   0   0  -2   0  -2   0   2   0  -2   2   0  -2   0   0   0   0
  0   0   2   2   0   0   2   2   0   0   0   0  -2   0   0   2   0   0   0   2   0   0  -2   0
  0   0   2   2   2   2   0   0   0   0   2   0   0   0   0   0   0  -2  -2   0   0   2   0   0
  0   0   4   0   0   0   0   0   0   0   0   0   0   0   0   0   0   0   0   0   0   0   4   0
  0   2  -2   0  -2   0   0   0   0   0   0   0   2  -2   2   0   0  -2   2   0   0   0   0   0
  0   2  -2   0   0   2   0  -2   0   0  -2   0   0  -2   0   0   0   0  -2   0   0   0   0  -2
  0   2  -2   0   0   2   0   0   0  -2   2   2   2   0   0   0   0   2   0   0   0   0   0   0
  0   2  -2   0   2   0   0  -2   2   0   0   0   0   0   0   0   2   0   2   0   0   2   0   0
  0   2   0   0  -2   0   0  -2   0  -2   2   0   0   0   0  -2   0  -2  -2   0   0   0   0   0
  0   2   0   0  -2   0   0   0   0   0  -2   0  -2   0   0   0  -2  -2   0   0   0   2  -2   0
  0   2   0   0  -2   0   0   0   0   0   0   2   0  -2  -2   0  -2   0   0   0  -2  -2   0   0
  0   2   0   0  -2   0   0   2   0   0   0   0  -2   0   0   0   0   0  -2  -2   0   0   2   2
  0   2   0   0  -2   0   2   0  -2   0   0   0   0  -2   0  -2   2   2   0   0   0   0   0   0
  0   2   0   0   0  -2   0   0   2   0   0   0   2  -2   0   0   0   2   0   0   0   0   2   2
  0   2   0   0   0  -2   0   2   2   2   0   2   0   0   0   0   0   0   2   0   0   0  -2   0
  0   2   0   0   0   0  -2   0   0   0   2   0   0  -2   2   2   0   0  -2   0  -2   0   0   0
  0   2   0   0   0   0  -2   0   2   2   2   0   0   0   0   0   0  -2   0   0   2   0   2   0
  0   2   0   0   0   0   0   0  -2   0   0   0   2   0   2   0   0   0  -2   0   2   2   2   0
  0   2   0   0   0   0   0   0  -2   0   2   2   0   2   0   0   0  -2   2   0   0   2   0   0
  0   2   0   0   0   0   0   0   0   2   0   2   2   0   0   0   2   0   0   0  -2   0   2  -2
  0   2   0   0   0   0   0   0   2   0  -2   2   0   2   0   0   0   2  -2   0   0   2   0   0
  0   2   0   0   0   0   0   2   0  -2   0   0   0   2   2   0   0   0   2   2   0  -2   0   0
  0   2   0   0   0   0   0   2   0   0   0   0   0  -2   0   0  -2   2  -2   0   2   0  -2   0
  0   2   0   0   0   2  -2  -2   0   0   0   0   0   0   0  -2  -2   0   2   2   0   0   0   0
  0   2   0   0   0   2   0   0   0   0  -2   0   0   0  -2   0   0   2   2  -2   0   0  -2   0
  0   2   0   0   0   2   0   2   0   0   0   0   0   0   2   0   2   0   0   0   0   2  -2  -2
  0   2   0   0   2   0  -2   2   0   0  -2   0   0   0   0   0  -2   0   0   0  -2   0   0   2
  0   2   0   0   2   0   0  -2  -2   0   2   0   0  -2  -2   0   0   0   0   0   0   0   2   0
  0   2   0   0   2   0   0   0   0   0   0   2   0  -2   2   0   2   0   0   0   2  -2   0   0
  0   2   0   0   2   0   0   0   0   0   2  -2  -2   2   0   2   0   0   0   0   0   0   0   2
  0   2   0   2   0   0  -2   0   0   0   0   2   0  -2   0  -2   0   0   0  -2   0   2   0   0
  0   2   0   2   0   0   0   0  -2   2   0   0   0   2   0   0  -2   0   0   0   0  -2  -2   0
  0   2   2   0   0  -2   2   0   0   0   0  -2   0   0   2   0   0   0  -2   0   0  -2   0   0
  0   2   2   0   0   0   0   0   2   0  -2   0  -2  -2   0   0   2   0   0   0  -2   0   0   0
  0   2   2   0   0   0   0   2   0   0   2   0   0   0  -2   0   0   2   0   0  -2   2   0   0
  0   4   0  -4   0   0   0   0   0   0   0   0   0   0   0   0   0   0   0   0   0   0   0   0
  1  -3   1  -1  -1  -1  -1  -1  -1  -1  -1   1   1   1  -1   1   1  -1  -1   1   1   1  -1   1
  1  -1  -3  -1  -1   1   1   1   1   1  -1   1   1  -1   1   1  -1   1  -1  -1   1   1   1   1
  1  -1  -3   1   1   1   1   1   1   1   1  -1  -1   1  -1   1   1  -1   1  -1   1  -1   1  -1
  1  -1  -1  -3   1   1   1  -1   1   1   1   1  -1   1   1  -1  -1  -1   1   1   1   1   1  -1
  1  -1  -1  -1  -3  -1  -1   1   1   1   1  -1  -1  -1  -1   1   1  -1   1  -1   1   1  -1   1
  1  -1  -1  -1  -1   1  -1  -1  -1  -1   1   1  -1  -1   1  -1   1   1  -1   3  -1   1  -1  -1
  1  -1  -1  -1  -1   1  -1   1  -1  -3   1  -1   1   1   1  -1   1  -1   1  -1  -1   1  -1   1
  1  -1  -1  -1  -1   1  -1   1  -1   3  -1   1  -1  -1   1  -1  -1  -1   1   1  -1  -1  -1   1
  1  -1  -1  -1   1  -3  -1   1   1   1  -1  -1   1   1  -1  -1  -1   1  -1  -1   1   1  -1   1
  1  -1  -1  -1   1  -1  -1  -1  -1   1   1   1   1  -1   1   3   1  -1   1  -1   1   1   1  -1
  1  -1  -1  -1   1  -1  -1   1   1  -1   1   3  -1  -1   1   1  -1   1   1   1  -1  -1   1   1
  1  -1  -1  -1   1  -1  -1   1   1   1  -1  -1   1  -1   1  -1   3  -1   1  -1  -1  -1  -1  -1
  1  -1  -1  -1   1   1  -1   1  -1  -1  -1   1   1   1   1  -1   1   1  -3  -1   1  -1  -1  -1
  1  -1  -1  -1   3  -1  -1  -1  -1  -1   1   1  -1   1  -1  -1   1  -1   1  -1   1  -1  -1   1
  1  -1  -1   1  -3  -1   1  -1  -1  -1   1   1  -1   1   1   1  -1  -1   1   1  -1  -1  -1   1
  1  -1  -1   1  -1  -1  -3   1   1  -1  -1  -1   1  -1   1   1  -1   1   1  -1  -1   1   1  -1
  1  -1  -1   1  -1  -1  -1  -1   3   1   1   1   1  -1   1  -1  -1  -1  -1  -1  -1  -1  -1   1
  1  -1  -1   1  -1  -1   1  -1  -1   1  -1  -1  -1   1   1   1  -1   1  -3   1   1   1  -1  -1
  1  -1  -1   1  -1  -1   1   1   1   1  -1  -1   1  -1  -1   1  -3  -1   1   1   1  -1  -1  -1
  1  -1  -1   1  -1   1  -1  -1  -1  -1  -1  -1  -1  -1  -1   3   1   1   1   1   1  -1  -1  -1
  1  -1  -1   1  -1   1  -1   1   1  -1   1  -1  -1   1  -1   1   1  -1  -3   1  -1  -1  -1   1
  1  -1  -1   1  -1   1   1   1   1  -1  -1   1  -3  -1  -1  -1   1   1  -1  -1   1   1  -1  -1
  1  -1  -1   1  -1   3   1  -1  -1   1   1  -1   1   1  -1  -1   1   1   1   1  -1  -1  -1   1
  1  -1  -1   1   1  -3   1  -1   1   1   1  -1  -1  -1   1   1   1   1   1   1   1  -1  -1   1
  1  -1  -1   1   1  -1   1   1  -1  -1  -1  -1  -1   3   1  -1  -1  -1  -1  -1  -1  -1   1   1
  1  -1  -1   1   1   1  -1  -1  -1   1   1  -1  -1   1   3   1  -1   1   1   1  -1  -1   1  -1
  1  -1  -1   1   1   1  -1   1  -1   1  -1   1  -1  -1  -1  -1  -1   1  -1  -1  -1  -1   3  -1
  1  -1  -1   1   1   1   3  -1   1  -1   1  -1  -1  -1   1  -1  -1  -1  -1   1  -1  -1  -1  -1
  1  -1   1  -3   1   1  -1   1  -1  -1  -1  -1   1  -1   1  -1  -1   1   1   1  -1  -1   1  -1
  1  -1   1  -1  -1  -3   1  -1   1  -1   1   1   1  -1  -1   1  -1   1   1  -1  -1   1  -1  -1
  1  -1   1  -1  -1  -1  -1   1  -1  -1   1   1  -1  -1  -3  -1   1   1   1   1   1  -1   1  -1
  1  -1   1  -1  -1  -1  -1   1   1  -1  -1   1   1   1  -1  -1   1   1  -1  -1  -3  -1   1   1
  1  -1   1  -1  -1  -1   3  -1  -1  -1  -1   1  -1  -1   1  -1  -1  -1  -1  -1   1   1   1   1
  1  -1   1  -1  -1   1  -1  -1   1   1  -1  -1  -1   1   1  -1   1   1  -1  -1  -1   1   1  -3
  1  -1   1  -1  -1   1   1   1  -1   1  -1  -1   1  -1   1   1  -1  -1   1  -3  -1   1  -1  -1
  1  -1   1  -1   1  -1  -3  -1  -1   1   1  -1  -1  -1  -1   1  -1   1   1   1  -1   1  -1   1
  1  -1   1  -1   1  -1  -1  -1  -1   1   1  -1  -1  -1   1  -1  -1   1  -1  -1   3  -1   1  -1
  1  -1   1  -1   1  -1  -1   1  -3   1   1  -1   1   1  -1  -1   1  -1  -1  -1  -1   1   1  -1
  1  -1   1  -1   1   1  -1  -1  -1   1  -1   1   1   3   1  -1  -1   1   1  -1  -1   1  -1   1
  1  -1   1  -1   1   1  -1  -1   1  -1   1  -1   3  -1   1   1  -1   1  -1  -1   1   1  -1   1
  1  -1   1  -1   1   1  -1  -1   1   1   1  -1  -1  -1  -1  -3   1  -1  -1   1  -1  -1   1   1
  1  -1   1  -1   1   1   1   1  -1   1   1   1  -3  -1  -1   1   1  -1   1  -1  -1   1   1   1
  1  -1   1   1  -1  -1  -1   1  -1   1  -1   1  -1  -3   1   1   1   1  -1   1   1   1   1   1
  1  -1   1   1  -1  -1   1  -1  -3   1  -1  -1   1   1   1   1   1   1   1  -1   1  -1   1   1
  1  -1   1   1  -1  -1   1  -1  -1   1   1  -1  -1  -1  -1   1   1   1  -1   1  -3  -1   1  -1
  1  -1   1   1  -1   1  -1  -1   1   1  -1  -1   1  -1   1  -1   1  -1   1   1  -1   3  -1   1
  1  -1   1   1  -1   1  -1   1   1  -1   1  -1   1  -1  -1  -1   1  -1  -1  -3   1  -1   1  -1
  1  -1   1   1  -1   1   1  -1   1  -1  -3   1  -1   1  -1   1  -1  -1  -1   1  -1  -1   1  -1
  1  -1   1   1  -1   1   1  -1   1   1   1  -1  -1  -1   1   3  -1  -1  -1  -1   1  -1   1   1
  1  -1   1   1  -1   1   1   1  -1  -1   1   1   1   3   1   1   1   1  -1   1  -1   1   1  -1
  1  -1   1   1  -1   1   1   1   1  -3   1  -1   1  -1  -1   1  -1   1   1   1  -1  -1   1   1
  1  -1   1   1  -1   1   1   1   1  -1   1   3   1  -1   1   1   1  -1   1  -1   1   1  -1   1
  1  -1   1   1   1  -1  -1  -1   1  -1  -1   1  -1   1   1  -3  -1  -1  -1   1   1   1  -1  -1
  1  -1   1   1   1  -1  -1   1  -1   1  -1  -1   1   1   1  -1   1   1  -1   3  -1  -1  -1   1
  1  -1   1   1   1  -1   1  -1  -1   1   1   1   1  -1   3  -1   1   1  -1  -1  -1   1  -1  -1
  1  -1   1   1   1  -1   1   1   1  -1  -1   1   1   1   1   1  -1   1  -1   1   3  -1   1   1
  1  -1   1   1   1   1  -1  -1  -1   1   1   3   1  -1  -1  -1  -1   1  -1   1   1  -1  -1   1
  1  -1   1   1   1   1   1   1  -1   1  -1  -1   1  -1   1   1   1  -1  -1   1   1  -1   1  -3
  1   1  -3  -1   1  -1   1   1  -1  -1   1   1  -1  -1   1  -1   1  -1  -1  -1  -1   1   1  -1
  1   1  -1  -1  -3  -1  -1   1  -1   1   1   1   1   1   1  -1  -1   1  -1  -1  -1   1  -1  -1
  1   1  -1  -1  -1  -1  -1  -1   1  -1  -1  -1  -1  -1   3  -1   1   1  -1  -1   1   1  -1   1
  1   1  -1  -1  -1  -1  -1   1  -1   1   1  -1  -1   1   1   1   3   1  -1   1   1  -1   1  -1
  1   1  -1  -1  -1  -1   3   1   1  -1   1   1  -1   1  -1   1   1   1   1   1   1   1   1   1
  1   1  -1  -1  -1   1  -1  -1  -3  -1  -1   1  -1  -1   1   1  -1   1   1  -1  -1   1   1   1
  1   1  -1  -1  -1   1  -1  -1   1  -1  -1   3  -1   1   1  -1   1  -1   1  -1  -1  -1  -1  -1
  1   1  -1  -1  -1   1  -1   1  -1   1  -1  -3   1   1   1   1  -1   1   1   1   1   1  -1   1
  1   1  -1  -1  -1   1  -1   1   1   1  -1  -1   1   1   1   1  -1  -1  -1  -1  -1  -3   1  -1
  1   1  -1  -1  -1   1   1  -1   1   3  -1  -1  -1   1  -1   1   1  -1  -1   1  -1   1   1   1
  1   1  -1  -1   1  -1  -1  -1   1   1   1   1  -1  -1  -1  -1   1   3  -1  -1  -1  -1  -1  -1
  1   1  -1  -1   1  -1   1   1  -1   1  -1  -1  -1  -1   1   1  -1  -1   1   1   1  -1   3   1
  1   1  -1  -1   1  -1   1   1   1  -1   1  -1   1   1   1   1  -3   1  -1   1  -1   1   1  -1
  1   1  -1  -1   1  -1   3  -1  -1  -1  -1  -1   1  -1  -1   1   1  -1   1  -1   1  -1  -1  -1
  1   1  -1  -1   1   1  -1  -1  -1  -1   1  -1  -1   1  -1  -1  -1   1  -1  -1   1   3  -1  -1
  1   1  -1  -1   1   1  -1   1  -1   1   1   1   1  -1  -1  -1  -1  -1   1  -1   1  -1  -1  -3
  1   1  -1  -1   1   1  -1   1   1   1   1   1   1   1  -1   1   1  -1  -1  -3  -1   1  -1   1
  1   1  -1  -1   1   1   1   1   1   1  -1  -1  -1  -1  -1  -1   1   1   1   3   1  -1  -1  -1
  1   1  -1   1  -1   1   1  -1  -1  -1   1  -1  -1   1   1   1   1   1  -1  -3  -1  -1  -1  -1
  1   1  -1   1  -1   1   1  -1   1   1   1   1  -1   1  -1   1  -1   1   1   1  -1   1  -1  -3
  1   1  -1   1  -1   1   1   1  -3  -1   1  -1   1  -1  -1   1  -1  -1  -1   1  -1   1  -1  -1
  1   1  -1   1  -1   1   1   1   1   1   1   1   1   1   1  -1  -1  -1  -1   3   1   1  -1   1
  1   1  -1   1   1  -1   1  -1  -1   1   1  -1   1   1   1  -3   1  -1   1   1   1  -1   1  -1
  1   1  -1   1   1  -1   1  -1   1  -1  -1  -1  -1  -1  -3   1  -1   1  -1   1  -1   1  -1   1
  1   1  -1   1   1   1   1  -1  -1  -3  -1   1  -1   1   1   1   1  -1  -1   1   1   1  -1   1
  1   1  -1   1   1   1   1  -1   1   1   1  -1   1   1  -1  -1  -1   1  -3  -1   1  -1   1   1
  1   1  -1   1   3  -1   1   1  -1   1   1   1   1   1  -1   1   1   1  -1   1   1   1  -1  -1
  1   1  -1   3  -1   1   1  -1  -1  -1  -1  -1  -1  -1  -1  -1  -1  -1   1  -1   1  -1   1   1
  1   1   1  -1  -3   1   1   1  -1   1  -1   1   1   1  -1   1   1  -1   1   1   1  -1  -1  -1
  1   1   1  -1  -1  -3  -1  -1  -1   1   1   1  -1  -1   1  -1   1  -1   1  -1  -1  -1   1   1
  1   1   1  -1  -1  -1  -1  -1   1  -1  -1  -1   1   1  -1   1   1   1   1   3  -1   1   1  -1
  1   1   1  -1  -1  -1  -1   1  -1  -1   1  -1   1  -1  -1  -1  -3  -1   1  -1   1   1   1   1
  1   1   1  -1  -1   1   1  -1  -1  -1  -1  -1   1   1  -1   1  -1  -1  -1  -1  -1  -1  -1   3
  1   1   1  -1  -1   3   1  -1   1   1   1   1  -1  -1   1  -1  -1   1  -1  -1  -1   1  -1   1
  1   1   1  -1   1  -1  -1  -1   1   1  -1   1  -1   1  -3  -1  -1  -1   1  -1  -1   1   1  -1
  1   1   1  -1   1  -1  -1   1   1   1  -1  -1   1  -1  -1   3   1  -1  -1   1   1  -1  -1   1
  1   1   1  -1   1   1  -1  -1  -1  -1  -1  -1  -1  -1   1  -1   1  -3   1  -1   1   1   1  -1
  1   1   1  -1   1   1  -1  -1  -1   1  -1   1  -1   1  -1   1   1   1   1   1  -1  -3   1   1
  1   1   1  -1   1   1  -1  -1   1  -3  -1   1  -1  -1  -1  -1  -1   1  -1  -1   1  -1   1   1
  1   1   1  -1   1   1  -1  -1   1  -1  -1  -1  -1   1   1   1  -1   1  -1   1  -1  -1  -3  -1
  1   1   1  -1   1   1   1  -1   1   3   1  -1   1   1   1   1   1   1   1  -1   1  -1  -1  -1
  1   1   1  -1   1   1   1  -1   3  -1   1   1   1   1   1   1   1  -1  -1   1  -1  -1   1   1
  1   1   1   1  -1  -3   1   1  -1   1  -1   1   1   1  -1   1  -1  -1  -1   1  -1   1   1   1
  1   1   1   1  -1  -1  -3  -1  -1  -1  -1  -1  -1   1   1   1  -1  -1  -1   1   1  -1   1   1
  1   1   1   1  -1  -1  -1   1   1  -1   1   1  -1   1  -1   3   1  -1   1  -1  -1  -1   1  -1
  1   1   1   1  -1  -1   1  -1   1  -1   1   1   1   1  -1  -1   1   1   1  -1   1  -3  -1   1
  1   1   1   1  -1  -1   1  -1   1   1  -1   1  -1   1   3   1   1  -1   1   1   1   1   1  -1
  1   1   1   1  -1  -1   1   1  -1  -1  -1  -1   1   1  -1  -1  -1   1   1  -1  -1  -1   1  -3
  1   1   1   1  -1  -1   1   1  -1   1   3   1   1  -1   1   1  -1   1   1   1   1  -1   1  -1
  1   1   1   1  -1   1   1   1   1   1   1  -1  -1   1   1  -1   1  -3   1  -1  -1  -1  -1   1
  1   1   1   1   1  -1   1   1  -1  -1   1  -1   1  -1   1   1   3  -1   1   1  -1   1   1   1
  1   1   1   1   1   1  -1  -1  -1   1  -1  -1   1   1  -1   3  -1   1  -1  -1  -1   1   1  -1
  1   1   1   1   1   1  -1  -1   1  -1  -1  -3   1   1   1  -1   1   1   1  -1  -1  -1   1   1
  1   1   1   1   1   1   1  -1  -1   1  -1  -1   1  -3   1   1  -1   1   1   1  -1  -1  -1   1
  1   1   1   1   1   1   3   1  -1  -1   1  -1   1   1   1  -1  -1   1   1  -1   1   1  -1   1
  1   1   1   3  -1   1  -1  -1   1   1   1  -1  -1  -1   1  -1   1   1  -1   1   1  -1  -1  -1
  1   1   1   3   1  -1  -1  -1   1  -1   1   1   1   1   1   1  -1   1   1   1  -1   1  -1   1
  1   3  -1   1   1  -1  -1   1   1  -1  -1  -1  -1   1  -1  -1   1  -1  -1  -1   1  -1  -1  -1
  1   3   1   1   1   1   1   1   1  -1  -1   1   1  -1  -1   1  -1  -1   1   1   1   1   1  -1
  2  -2  -2   0   0   0   0  -2   2  -2   0   0   0   2   0   0   0   2   0   0   0   0   0   0
  2  -2   0   0   0  -2   0   0   0   2   0   2   0   2   0   0   0   0   0   0   0  -2   0  -2
  2  -2   0   0   0   0   0   0   0   0   0   0   0  -2   0  -2   0   2   2  -2   0   0   0   2
  2  -2   0   0   0   0   0   2   0   0   2  -2   0   0   0   0   0   2   0   0   0   0  -2  -2
  2  -2   0   0   2   0   2   0   0   2   0   0   2   0   0   0   0  -2   0   0   0   0   0   2
  2  -2   2   0   0   0   0   0   0  -2   0   0  -2   0   2   0   2   0   0   0   0  -2   0   0
  2   0  -2   0   0   0   0   0   0   0  -2   0   2   2   0   0   0  -2   0   0   0   2   0  -2
  2   0  -2   0   0   0   0   2  -2   0  -2   0   0   0  -2   0   2   0   0   0   0   0   0   2
  2   0  -2   2   2   0  -2   0   0   0   0   0   0  -2   0   0   0  -2   0   2   0   0   0   0
  2   0   0  -2  -2   0   2   0   2   0   0  -2   2   0   0  -2   0   0   0   0   0   0   0   0
  2   0   0  -2   0   0   0   0   0   0  -2   0  -2   2   0   2   0   0   0  -2   2   0   0   0
  2   0   0  -2   0   0   2   0  -2   2   0   0   0   0  -2   0  -2   2   0   0   0   0   0   0
  2   0   0  -2   0   2   0   2   0   0   2   0   0   0   0   0   0   0   0   0   2  -2   0   2
  2   0   0  -2   2   0   0   0   0   0  -2   2   0  -2   0   0   0   0   0   0   0   2  -2   0
  2   0   0   0  -2   2   0   0   0  -2   0   0   0   0   2   0  -2   0   0   0   2   0   0  -2
  2   0   0   0   0  -2   0   0  -2  -2   2   0   0   0   0   0   0   2  -2   0   0   0   0   2
  2   0   0   0   0  -2   0   0   0   0   0   0  -2   2   0   0   2   0   0   0  -2   2  -2   0
  2   0   0   0   0  -2   0   0   2  -2  -2   0   0   0   0   0   0  -2   2   0   0   0   0   2
  2   0   0   0   0  -2   0   2  -2   0   0   0   0   0   2   0   0  -2   0   0   2   0  -2   0
  2   0   0   0   0   0   0  -2   2   0   0   0   0  -2   0   0   0   0   2   0   0  -2   2  -2
  2   0   0   0   0   0   0   0  -2  -2   0   2   2   0   0   0   0  -2   0   0   0  -2   2   0
  2   0   0   0   0   0   0   2   0  -2   0   2   0   2  -2   0  -2   0   0   0   0   0  -2   0
  2   0   0   0   0   2   0  -2   2   0   0   0   0   0  -2   0   0  -2   0   0   2   0  -2   0
  2   0   0   0   2  -2   0  -2   0   0  -2   0   0   0   0   0   2   0  -2   0   0   0   2   0
  2   0   0   0   2   0   0   2   2   2   0   0  -2   0   2   0   0   0  -2   0   0   0   0   0
  2   0   0   0   2   2   0   0   0  -2   0   0   0   0  -2   0   2   0   0   0  -2   0   0  -2
  2   0   0   0   2   2   0   0   0   0   0   0   0   0   0   0   0   2   0   2   0   2   2   2
  2   0   0   2  -2   0   0   0   0   0   0   0   2   0  -2   0   0   2   0   0   2   2   0   0
  2   0   0   2   0   0   2   0   2   0   0   0   0   0   0   0   0   0   0  -2  -2   2   2   0
  2   0   2   0   0   0   0   2   0  -2  -2  -2   0   0   0   0   0   0  -2   0   0   2   0   0
  2   0   2   0   0   0   2   0   0   0   0   2   0   0   0  -2   0   0   2   2  -2   0   0   0
  2   0   2   0   2   0   0   0   0   0   2   0   0   0   0   0  -2   0   0  -2  -2  -2   0   0
  2   0   2   2   0   2  -2   2  -2   0   0   0   0   0   0   0   0   0   2   0   0   0   0   0
  2   2  -2   0   0  -2   0  -2   0   0   0   2   0   0   0   0  -2   0   0   0   2   0   0   0
  2   2   0   0   0  -2   0   0   0   2   0  -2   0  -2   0   0   0   0   0   0   0   2   0  -2
  2   2   0   0   0   0  -2  -2  -2   0   0   0   2   0   0   0   2   0   0   0   0   0  -2   0
  2   2   0   0   0   0   0   0   0  -2   2   0  -2  -2   0   0   0   0   2   0   0   0  -2   0
  2   2   2   0   0   0   0   0  -2   0   0   2  -2   0   0   0   0   0  -2   0   0   0   0  -2
  2   2   2   0   0   0   0   0   0   2  -2   0   0   0   0  -2   0   0   0   0   2   0   0   2
  3  -1  -1  -1  -1  -1  -1  -1  -1  -1  -1  -1  -1  -1  -1  -1  -1  -1  -1  -1  -1  -1  -1  -1
  3  -1  -1   1  -1   1  -1  -1  -1   1   1   1  -1   1   1  -1   1  -1  -1  -1   1   1   1   1
  3  -1   1  -1  -1   1  -1   1   1   1   1   1   1  -1  -1   1  -1  -1  -1   1  -1   1   1  -1
  3  -1   1   1   1  -1   1  -1  -1  -1   1  -1  -1   1  -1   1  -1  -1   1   1   1   1   1  -1
  3   1  -1   1  -1  -1  -1   1   1   1   1  -1  -1   1  -1  -1  -1   1   1   1  -1  -1   1   1
  3   1  -1   1  -1  -1   1   1   1  -1  -1   1   1  -1   1   1   1   1  -1   1  -1  -1  -1  -1
  3   1   1  -1   1  -1  -1   1   1  -1   1   1   1   1   1  -1   1   1   1  -1   1   1   1  -1
