# S488: the 488-vector independent set of Kallal-Kan-Wang (arXiv:1608.07270, S_1.txt), in our coordinates
# source: data/external/Kissing-Numbers/S_1.txt (sha256 fe32069cf5fec88ad2013a4b13eefe18dedda358a63f89f9b2f080a833b2b1ed)
# repo: https://github.com/kenzkallal/Kissing-Numbers @ 548a09282ea1037077a435be4157e7f464b1b146
# map: ours[perm[i]] = signs[i]*theirs[i]; perm = [0, 1, 2, 3, 4, 5, 15, 20, 6, 19, 16, 12, 8, 18, 22, 23, 11, 9, 13, 10, 14, 7, 21, 17]; negated coordinates = none (data/external/coordinate_map.json)
# converted by python/tools/convert_external.py on 2026-08-25; rows in source order
# 488 rows, 24 ints each, sqrt8-integer scaling (squared norm 32); independent set iff all off-diagonal Gram entries <= 8
-1 1 1 1 1 -1 -1 1 -1 1 -1 1 1 1 1 -1 -1 1 1 1 -1 -3 1 1
2 0 -2 0 0 0 0 -2 0 2 -2 -2 0 0 0 0 0 0 -2 0 0 -2 0 0
1 -1 1 1 1 1 -1 1 1 1 1 1 -1 3 1 1 -1 1 -1 1 1 -1 1 -1
-1 -1 1 1 -1 1 1 1 -1 1 -1 1 1 3 -1 -1 -1 1 1 -1 -1 1 1 -1
-2 0 0 0 2 0 0 0 -2 0 -2 0 -2 0 0 0 0 0 0 0 -2 0 -2 2
1 1 1 -1 -1 -1 1 1 -1 -1 1 1 1 1 1 -1 -1 1 -1 1 -3 1 1 1
0 2 2 2 2 2 0 0 -2 0 0 -2 0 2 0 0 0 0 0 0 0 0 0 0
0 0 0 0 2 2 -2 0 0 -2 -2 0 0 0 0 0 -2 2 0 2 0 0 0 0
1 -1 1 1 -1 -3 -1 1 -1 1 1 1 1 -1 1 -1 -1 -1 1 1 1 1 1 1
-2 0 0 0 0 -2 -2 0 0 0 -2 0 0 -2 0 0 0 0 -2 2 0 2 0 0
-2 0 0 0 2 -2 0 0 2 0 0 -2 0 0 0 0 0 0 -2 0 -2 -2 0 0
-1 1 1 -1 -1 -1 1 -1 -1 -1 -1 -1 -1 3 -1 1 1 -1 -1 -1 1 1 1 -1
0 0 0 2 0 0 -2 0 0 0 2 2 0 0 0 2 0 0 0 0 2 0 -2 2
-2 2 -2 0 2 0 0 0 0 0 0 0 0 2 0 0 -2 0 0 0 0 0 2 -2
2 0 -2 2 0 0 0 0 2 0 0 0 2 2 2 0 0 0 0 0 0 0 -2 0
0 2 0 0 0 0 0 0 0 0 0 -2 -2 0 -2 0 0 -2 0 2 0 -2 0 -2
0 0 -2 0 -2 0 -2 0 0 0 2 0 2 0 0 2 0 2 0 0 -2 0 0 0
-2 0 0 0 0 -2 0 0 0 0 2 0 0 2 2 -2 0 0 0 0 0 0 -2 2
3 -1 1 1 1 1 -1 -1 -1 1 -1 1 1 1 -1 -1 1 1 1 1 -1 -1 -1 -1
0 2 0 2 0 0 -2 0 0 -2 0 0 0 0 -2 0 0 0 0 0 2 2 0 -2
-2 -2 0 0 0 -2 0 2 0 0 0 0 -2 0 0 0 0 -2 2 0 0 -2 0 0
-1 -1 -1 1 1 1 -1 1 -1 1 1 -1 3 1 -1 -1 1 1 1 -1 1 -1 -1 1
-1 -1 -1 1 1 1 -1 1 -1 -1 1 -1 -1 1 1 -1 -1 -1 1 1 3 1 1 1
0 -2 -2 2 0 0 0 0 0 0 -2 2 0 0 0 0 -2 0 0 0 0 -2 0 -2
1 1 -1 1 -1 1 1 1 1 -1 -1 -1 -1 -1 1 -1 1 -1 3 1 1 -1 -1 1
0 0 0 2 0 -2 0 0 0 -2 0 0 -2 0 0 0 2 -2 0 0 0 2 0 2
-2 0 0 2 -2 0 0 0 0 0 2 -2 0 2 0 0 0 0 0 0 0 -2 2 0
0 0 0 2 0 2 0 0 0 0 2 -2 0 -2 0 0 0 -2 0 -2 0 0 0 2
-1 -1 1 -1 -1 -1 -1 1 1 -1 1 -1 1 -1 -1 -1 -1 1 1 -1 -1 -1 1 3
-1 -1 1 -1 1 -1 1 1 1 1 -1 -1 1 1 1 -1 1 1 3 1 1 1 1 1
0 0 0 2 2 0 0 -2 0 2 2 0 0 0 -2 0 -2 0 0 0 0 -2 0 0
-1 1 -1 1 -1 -1 -1 -1 1 1 -1 -1 -1 1 -1 -1 1 -1 -1 -1 -1 1 -3 -1
0 0 -2 -2 0 0 -2 -2 0 -2 -2 0 0 0 0 0 0 -2 0 0 0 0 0 -2
0 -2 2 0 0 2 -2 0 -2 2 0 0 0 0 0 0 -2 0 0 0 0 0 0 2
0 0 0 2 0 0 0 0 0 2 -2 -2 0 0 0 0 -2 2 2 0 0 0 -2 0
0 0 0 0 0 0 0 0 0 -4 0 -4 0 0 0 0 0 0 0 0 0 0 0 0
1 -1 -1 1 1 -1 -1 1 1 -1 -1 1 -1 -1 -1 1 -1 1 3 -1 1 1 1 1
3 -1 -1 -1 1 -1 1 1 1 -1 1 -1 1 -1 1 -1 1 -1 1 -1 -1 1 1 1
0 0 0 0 -2 0 0 2 0 0 0 0 0 2 2 2 -2 0 2 0 0 0 0 2
3 -1 1 -1 1 1 -1 -1 -1 -1 -1 -1 -1 1 1 1 1 -1 -1 1 1 1 1 1
0 0 0 0 -2 0 0 2 -2 -2 0 0 0 0 0 0 -2 -2 0 0 0 0 2 -2
0 0 2 0 0 2 0 0 0 -2 -2 0 0 0 -2 0 0 0 0 -2 0 2 0 2
0 0 0 -2 0 0 0 0 0 2 0 0 -2 2 -2 0 -2 0 2 0 2 0 0 0
-1 1 1 1 1 1 -1 1 1 -1 1 1 -1 1 -1 -1 1 1 -3 1 -1 1 -1 1
1 -1 -1 -1 -1 1 1 1 -1 1 -1 -1 3 1 1 -1 -1 -1 -1 1 1 1 1 1
0 -2 -2 0 0 -2 0 0 -2 0 0 0 0 0 0 -2 0 -2 -2 0 -2 0 0 0
1 -1 1 -1 1 1 -1 1 -1 -1 1 -1 1 1 -1 1 1 -1 -1 -1 -3 -1 -1 1
0 0 -2 0 0 0 0 0 2 0 0 0 -2 0 0 0 -2 0 0 -2 0 -2 -2 2
0 -2 -2 0 0 0 0 2 0 2 2 0 0 0 0 0 -2 0 0 -2 0 0 2 0
1 1 -1 -1 1 1 -1 1 -1 -1 1 3 1 1 1 1 -1 -1 1 1 -1 -1 -1 -1
-1 -1 -1 1 -1 1 -1 1 -1 -1 -1 1 -1 1 -1 3 1 -1 1 -1 -1 1 -1 -1
-1 1 -1 -1 1 1 -1 1 -1 -1 -1 1 1 -1 1 -3 1 -1 -1 1 1 -1 -1 1
1 -1 1 1 1 1 -1 1 1 1 -1 1 1 -1 -1 -1 1 1 -1 1 3 1 1 1
-1 -1 -1 -1 1 -1 1 -1 1 -1 -1 1 1 1 1 1 1 -1 -1 1 3 1 -1 1
-1 -1 1 -1 1 -1 1 1 1 1 1 1 3 -1 -1 -1 1 -1 -1 1 -1 1 -1 1
0 -2 0 0 0 2 0 0 0 2 -2 0 0 0 0 0 2 0 -2 0 -2 2 0 0
1 -1 1 1 1 -1 1 1 -1 1 -1 1 1 -1 -1 -1 -1 -1 1 -3 -1 -1 -1 1
-1 1 -1 1 -1 1 -1 1 -1 -1 -1 -1 1 1 1 -1 1 1 1 1 -1 -1 -1 -3
0 -2 0 0 2 0 0 0 0 2 0 -2 0 -2 0 0 0 -2 0 2 0 0 2 0
-2 0 -2 0 2 0 0 0 0 -2 2 0 0 0 -2 0 0 -2 0 0 0 0 -2 0
-1 -1 -1 -1 1 1 -1 -1 1 1 -1 1 1 3 -1 -1 -1 -1 -1 1 -1 -1 -1 1
0 0 0 0 0 2 0 2 0 -2 0 2 -2 0 -2 0 0 0 0 0 2 -2 0 0
2 -2 0 2 0 0 0 2 -2 0 0 -2 0 0 2 0 0 0 0 0 0 -2 0 0
0 0 0 0 0 0 0 2 0 0 2 0 0 0 0 0 -2 -2 -2 2 0 -2 0 2
0 -2 -2 0 0 0 0 0 0 2 0 0 0 0 0 0 0 -2 2 0 0 2 -2 2
2 0 -2 0 -2 0 0 0 0 0 -2 0 0 0 0 0 -2 0 0 -2 -2 2 0 0
-1 1 1 -1 1 1 -3 -1 1 -1 1 -1 -1 1 -1 1 -1 -1 -1 -1 1 -1 1 1
1 -1 1 1 1 1 3 1 1 1 -1 -1 1 1 -1 1 -1 -1 -1 1 -1 -1 -1 -1
-1 1 -1 1 1 1 1 -3 -1 -1 -1 -1 -1 -1 -1 1 -1 -1 -1 1 1 1 1 1
1 1 -1 1 1 -3 -1 -1 1 -1 1 1 1 -1 -1 -1 -1 1 -1 -1 -1 1 -1 1
1 -1 -1 1 1 -1 -1 1 1 1 -1 -1 -1 1 1 -1 -1 1 -1 1 -1 1 1 3
0 0 0 2 0 -2 -2 0 0 0 0 0 -2 0 0 -2 0 0 -2 0 2 -2 0 0
-1 -1 1 1 1 -1 1 1 -1 -1 -1 -1 -1 1 -1 1 -3 1 -1 -1 1 -1 1 1
1 -1 -1 -1 -1 -1 -1 1 -1 -1 -1 -1 -1 -1 -1 1 1 -1 -1 -3 1 -1 1 1
1 1 1 -1 1 -1 -1 -1 1 -1 1 -1 1 3 1 -1 1 -1 1 1 -1 -1 1 -1
0 0 0 0 -2 0 2 0 -2 -2 2 0 0 0 -2 2 0 0 0 0 0 0 0 2
-1 -1 1 1 -1 -1 -1 1 1 3 -1 -1 1 1 1 1 1 -1 -1 1 1 -1 -1 1
1 -1 1 3 1 -1 -1 1 1 1 1 -1 1 1 -1 -1 1 -1 -1 -1 -1 1 1 -1
-2 -2 -2 0 0 0 0 0 0 0 -2 -2 0 2 2 0 0 0 0 -2 0 0 0 0
0 2 0 0 0 0 0 0 2 0 0 0 2 0 -2 0 0 0 -2 0 2 -2 -2 0
1 -1 1 -3 -1 -1 -1 -1 -1 1 -1 1 1 1 -1 -1 1 -1 1 -1 -1 1 1 1
0 -2 -2 0 0 0 0 0 2 0 2 0 -2 2 0 0 2 0 0 0 -2 0 0 0
-2 0 -2 0 -2 0 0 0 0 -2 -2 0 0 0 -2 0 0 2 0 0 0 0 2 0
1 1 -1 -1 -1 -3 1 1 1 1 -1 -1 1 1 -1 -1 -1 -1 1 1 -1 -1 -1 1
0 0 0 2 0 0 2 0 0 -2 -2 0 0 2 2 0 0 0 0 2 0 0 2 0
1 1 -1 -1 1 -1 -1 1 -1 1 1 1 1 1 1 -1 -1 1 -1 -1 3 1 -1 -1
-1 1 -3 1 -1 -1 -1 1 1 1 1 1 1 1 -1 -1 1 -1 -1 1 1 1 1 1
0 0 0 0 -2 2 -2 -2 -2 0 0 -2 0 0 -2 0 2 0 0 0 0 0 0 0
0 0 0 0 -2 0 0 0 0 2 0 -2 -2 0 2 -2 -2 -2 0 0 0 0 0 0
0 -2 0 -2 0 0 0 0 2 0 -2 -2 -2 0 0 0 0 0 0 2 0 0 -2 0
-1 1 -1 -1 -1 1 -1 1 1 -1 1 -1 1 1 -1 -1 1 -1 1 -3 -1 1 1 -1
-1 1 -1 1 1 -1 -1 1 1 -1 -1 -1 -1 3 -1 1 1 1 1 1 1 -1 -1 1
3 1 -1 1 -1 -1 -1 1 -1 -1 -1 1 1 1 -1 1 -1 1 -1 1 1 -1 1 1
1 -1 1 -1 -1 1 1 3 1 1 -1 1 -1 -1 -1 -1 -1 -1 1 1 -1 1 1 1
1 -1 -1 -3 -1 1 -1 -1 1 -1 1 -1 1 1 1 -1 1 1 -1 -1 1 -1 -1 1
0 2 0 0 0 2 -2 0 0 0 -2 2 0 2 0 0 2 0 0 0 0 0 2 0
0 0 0 0 2 -2 0 2 0 -2 0 0 0 0 -2 -2 0 0 0 2 0 0 2 0
0 0 -2 2 0 -2 2 0 0 0 0 0 0 -2 0 0 0 0 0 0 0 -2 2 2
2 2 0 0 0 0 0 0 0 0 0 -2 0 0 0 0 -2 0 2 2 0 2 2 0
1 -1 -1 1 1 1 -1 1 -1 -1 1 1 1 -1 -1 1 -1 -1 -1 1 -1 3 1 1
2 0 0 0 2 0 0 2 0 -2 -2 0 0 2 0 0 0 0 0 -2 0 0 0 -2
-1 1 1 -1 1 -1 -1 -1 -1 -1 -1 -1 1 1 -3 -1 -1 1 1 -1 -1 -1 -1 -1
0 0 0 2 -2 0 -2 0 -2 0 0 0 0 2 2 0 0 0 -2 0 0 2 0 0
0 0 0 2 0 0 -2 -2 0 0 0 0 0 2 0 0 0 0 2 -2 -2 0 0 2
2 2 0 0 0 0 0 0 2 0 -2 0 -2 0 -2 -2 0 2 0 0 0 0 0 0
1 1 -1 -1 -1 1 1 -1 -1 1 -1 -1 -1 3 1 -1 1 1 1 1 -1 1 -1 1
-1 1 1 -1 -1 1 1 1 1 1 1 1 -1 1 -1 1 1 -1 1 1 -1 -1 -3 1
-1 1 -1 1 1 3 -1 -1 -1 1 -1 1 1 -1 -1 -1 -1 -1 1 -1 -1 1 -1 -1
1 -1 1 1 1 -1 -1 1 -1 -1 -1 -1 1 1 -1 -1 -1 -1 -1 1 1 1 -3 1
0 0 0 0 0 0 0 0 -2 2 2 -2 -2 0 0 2 0 0 -2 0 2 0 0 0
2 0 -2 0 2 0 0 -2 2 0 0 2 0 0 0 0 0 0 0 2 0 0 2 0
-1 -1 1 1 1 1 -1 1 1 -1 1 -1 1 1 1 -1 -3 -1 1 -1 -1 -1 -1 -1
1 1 -1 -1 1 1 1 -1 -1 -1 -1 -1 1 1 -1 -1 1 1 1 1 3 -1 1 -1
0 2 -2 0 0 0 0 0 -2 0 0 -2 0 0 2 0 2 -2 0 0 0 0 2 0
0 0 0 2 -2 0 0 2 0 0 0 -2 2 -2 -2 0 0 0 0 2 0 0 0 0
1 1 -1 -1 1 -1 1 -1 -1 -1 1 -1 3 -1 -1 1 -1 -1 -1 1 -1 -1 1 -1
1 -1 1 -1 -1 -1 -3 1 1 -1 1 -1 -1 -1 -1 1 1 -1 1 1 -1 1 1 -1
0 0 -2 0 0 2 0 0 0 -2 0 0 2 0 0 2 -2 0 0 -2 2 0 0 0
0 0 0 0 0 0 2 2 0 0 2 -2 0 2 2 0 0 0 0 0 0 2 0 -2
-1 1 -1 -1 1 1 1 -1 1 1 1 -3 1 1 1 1 -1 -1 1 1 1 -1 -1 1
-1 -1 -1 -1 -1 -1 -1 -1 -1 1 -1 1 -1 1 1 1 -1 -1 -1 1 1 -1 3 1
0 0 2 0 0 2 0 0 0 0 0 0 2 0 -2 -2 0 -2 0 0 0 -2 2 0
0 -2 0 0 0 0 0 -2 -2 0 0 -2 0 2 0 0 -2 0 0 2 0 0 0 -2
1 -1 -1 1 -1 -1 1 1 1 -1 1 1 -1 1 -1 1 -1 -1 1 3 1 1 -1 -1
1 -1 1 3 -1 1 1 -1 -1 1 -1 1 -1 1 -1 1 1 -1 -1 -1 1 -1 1 1
2 0 -2 0 0 0 0 0 0 0 0 0 0 -2 -2 -2 -2 -2 0 0 2 0 0 0
0 0 -2 0 0 0 2 2 0 0 0 -2 0 0 0 0 2 0 -2 0 0 0 -2 2
0 0 0 0 0 -2 0 0 0 0 0 2 0 0 -2 -2 2 0 2 0 2 0 -2 0
0 0 -2 0 0 0 -2 2 2 -2 0 0 0 0 2 0 0 0 0 0 0 -2 2 0
1 -1 -3 -1 1 1 1 1 -1 -1 -1 -1 -1 1 -1 1 -1 -1 1 1 -1 -1 1 1
0 0 -2 2 0 -2 -2 0 0 0 0 -2 0 0 0 2 -2 -2 0 0 0 0 0 0
2 0 0 0 2 -2 2 0 -2 2 0 0 0 2 0 0 0 0 0 0 0 0 2 0
0 0 0 0 0 0 0 0 0 0 0 0 0 0 0 -4 0 0 0 0 0 4 0 0
0 2 0 0 0 0 0 2 2 -2 0 0 0 0 -2 2 -2 0 0 0 -2 0 0 0
1 -3 -1 1 -1 1 -1 -1 1 -1 1 -1 -1 -1 -1 1 -1 1 -1 1 1 -1 1 1
-1 1 1 1 -1 -3 -1 1 -1 -1 1 1 1 1 -1 1 1 -1 -1 1 -1 -1 -1 -1
0 0 2 0 0 -2 0 -2 -2 0 0 -2 0 0 0 0 0 -2 0 0 0 -2 0 2
2 -2 0 0 0 2 -2 0 2 0 0 2 0 0 0 0 0 -2 0 -2 0 0 0 0
1 1 -1 1 1 1 1 1 1 -1 1 -1 -1 1 -1 1 1 1 -1 -1 1 1 3 1
3 -1 -1 1 1 -1 1 1 1 1 1 1 -1 -1 -1 1 1 1 -1 -1 1 -1 -1 -1
-1 -1 -1 1 1 -1 -3 1 -1 1 1 1 -1 1 -1 -1 -1 1 1 1 -1 1 -1 -1
0 0 0 -2 0 -2 2 2 0 0 0 0 0 0 -2 0 0 2 0 -2 0 2 0 0
0 0 0 2 -2 0 0 -2 0 -2 0 0 2 0 0 -2 0 0 0 0 2 0 0 2
2 0 -2 0 2 2 -2 0 0 0 2 -2 0 0 0 0 0 0 0 0 0 0 0 -2
1 -1 -1 1 1 -1 -1 -1 -3 -1 1 1 -1 -1 -1 1 1 -1 1 1 1 -1 1 -1
0 0 -2 0 -2 0 0 0 0 0 0 0 0 0 0 -2 -2 2 -2 2 0 0 -2 0
2 0 2 2 2 0 0 0 2 -2 0 0 0 0 0 0 0 0 0 0 0 -2 0 2
-2 0 -2 0 0 0 2 0 0 0 0 2 0 0 0 2 0 0 -2 2 -2 0 0 0
0 0 -2 2 0 2 0 0 -2 2 0 0 0 0 0 0 0 2 0 2 0 0 2 0
1 -1 -1 1 -1 -1 -1 1 -1 1 -3 -1 -1 1 -1 -1 1 -1 1 1 1 1 1 -1
-2 0 0 -2 0 0 2 2 0 -2 0 0 2 2 0 0 0 0 0 0 0 -2 0 0
-1 -1 -1 -1 3 1 1 -1 -1 -1 1 -1 1 1 1 -1 1 1 -1 1 -1 1 1 1
-1 -1 1 1 -1 1 -1 1 -1 1 1 1 -1 -1 -1 -1 1 -3 -1 1 1 1 -1 -1
-2 2 0 2 0 0 0 0 0 -2 -2 0 0 0 0 0 0 -2 0 -2 0 -2 0 0
1 -1 -1 -1 -1 -1 1 1 -1 -1 -1 1 -1 1 1 -3 -1 1 1 -1 1 -1 1 1
1 1 1 -1 3 1 -1 1 1 1 1 1 1 1 -1 -1 -1 1 1 -1 -1 1 1 1
2 2 -2 0 0 0 0 -2 0 0 0 0 0 0 -2 2 0 0 2 0 0 0 -2 0
1 1 1 1 -1 1 1 -1 -1 -1 -1 1 -1 1 -1 -1 -3 -1 1 1 -1 -1 -1 1
0 2 0 -2 2 0 -2 -2 -2 2 0 0 0 0 0 0 0 0 0 2 0 0 0 0
0 0 -2 0 0 0 0 2 0 0 0 0 0 -2 2 0 0 -2 0 -2 0 0 -2 -2
-2 0 0 0 0 0 2 0 0 2 0 0 2 0 -2 2 0 0 0 0 2 0 2 0
-1 1 1 1 1 -1 3 -1 1 -1 1 -1 1 1 -1 -1 -1 -1 1 -1 -1 1 1 1
1 -1 -3 1 1 1 -1 -1 -1 -1 -1 1 -1 1 -1 -1 1 1 -1 -1 1 1 -1 1
-1 1 -1 1 -1 -1 1 3 -1 1 -1 1 -1 1 1 1 1 1 -1 -1 1 -1 1 -1
-1 1 -1 -1 1 -1 -1 -1 1 1 1 1 1 -1 1 -1 -1 -3 1 -1 -1 -1 1 1
-2 0 0 0 0 2 0 0 0 0 2 -2 0 0 -2 0 -2 2 0 0 0 2 0 0
-1 -1 -1 1 1 1 -1 1 -1 -1 -1 -1 1 1 -1 1 1 -1 -3 1 1 -1 1 -1
2 0 2 -2 -2 0 0 0 0 0 0 -2 0 0 -2 0 -2 0 -2 0 0 0 0 0
2 2 0 0 0 0 0 0 0 0 0 0 0 2 0 -2 0 -2 -2 -2 0 0 0 2
-1 -1 -1 -1 -1 1 -1 -1 1 -1 1 1 1 1 -1 1 1 -1 3 1 1 -1 1 1
1 1 -1 1 1 -1 -1 -1 -1 -1 -1 -1 -1 1 -1 1 1 1 -1 1 -3 1 1 -1
0 0 0 -2 0 0 -2 2 -2 0 0 -2 0 2 0 0 0 2 0 0 0 0 2 0
0 0 -2 0 0 -2 0 0 -2 -2 0 0 2 2 0 0 0 0 2 0 0 2 0 0
0 0 0 0 0 2 0 -2 0 2 2 0 0 2 0 0 0 -2 0 0 0 2 2 0
0 -2 0 0 0 0 0 2 -2 0 0 2 0 2 0 0 2 0 0 2 0 0 0 2
2 0 0 0 0 0 -2 0 0 2 2 0 0 0 0 0 2 0 0 0 0 -2 2 2
-1 -1 -1 1 -3 1 -1 1 -1 1 -1 1 1 -1 1 -1 1 -1 1 -1 -1 -1 1 1
1 1 1 1 1 1 1 -1 -1 1 -1 1 1 -1 1 -1 1 -1 1 1 -1 1 1 3
1 -1 1 1 -1 3 -1 1 1 -1 1 -1 1 1 1 -1 1 1 1 1 -1 1 1 1
0 -2 0 0 0 0 2 0 0 0 2 0 0 2 -2 -2 0 0 -2 0 2 0 0 0
0 -2 0 -2 0 0 0 0 2 -2 0 0 0 2 0 0 -2 0 0 0 0 2 2 0
2 0 0 2 0 0 2 -2 0 0 2 -2 0 0 0 0 2 0 0 2 0 0 0 0
1 1 1 1 1 -1 1 -1 -1 -1 -1 1 1 1 1 3 -1 -1 -1 -1 -1 1 -1 1
0 0 -2 2 0 0 2 0 -2 0 0 -2 0 0 -2 0 0 0 0 -2 0 0 0 -2
0 -2 0 0 0 0 0 0 0 -2 -2 0 0 -2 2 0 -2 -2 0 0 0 0 0 2
-1 -1 -1 -1 1 -1 1 -1 -1 1 -1 1 1 -1 -1 -1 -3 1 1 1 -1 1 1 1
1 -1 1 -1 1 1 -1 1 1 -1 -1 -1 3 -1 1 1 1 -1 1 1 1 -1 -1 -1
1 -1 1 1 -1 1 1 -1 -1 -1 -1 -1 1 1 1 -1 1 -3 1 -1 -1 1 -1 -1
1 -1 -1 -1 1 1 1 1 1 -1 -1 1 1 -1 -1 -1 -1 1 -3 -1 -1 -1 1 1
2 0 0 0 -2 0 0 0 -2 2 0 0 0 0 0 2 0 -2 0 2 -2 0 0 0
1 1 -1 -1 1 -1 1 -1 -1 -1 1 1 -1 1 -1 -1 1 1 -1 1 -1 -3 -1 1
0 0 -2 0 2 -2 0 -2 0 0 0 -2 -2 0 0 -2 0 0 2 0 0 0 0 0
2 -2 0 0 0 -2 2 -2 0 -2 -2 0 0 0 -2 0 0 0 0 0 0 0 0 0
0 0 0 -2 2 0 0 0 -2 0 0 -2 0 0 0 0 -2 -2 0 -2 0 2 0 0
0 -2 0 0 -2 -2 0 0 -2 2 0 0 0 0 -2 0 0 2 0 0 0 -2 0 0
-1 1 -1 -3 -1 1 -1 1 1 1 -1 -1 1 -1 -1 1 1 -1 -1 1 -1 -1 1 1
-2 -2 0 0 2 2 0 2 2 0 0 0 0 0 0 2 0 0 0 0 0 0 0 2
1 1 -3 -1 1 -1 -1 1 -1 1 -1 1 1 -1 -1 -1 1 1 1 -1 -1 -1 1 -1
-1 -1 -3 1 -1 1 1 -1 1 -1 1 -1 1 -1 1 -1 -1 -1 1 1 -1 1 1 -1
1 3 -1 1 -1 1 1 1 1 1 -1 1 1 -1 1 -1 -1 -1 -1 1 -1 -1 1 -1
0 0 0 0 0 -2 0 0 2 0 0 2 0 2 -2 0 0 0 0 -2 0 -2 2 0
2 -2 0 -2 2 -2 -2 0 0 0 0 0 0 0 0 0 -2 0 0 0 0 -2 0 0
0 0 0 0 0 0 -2 0 -2 2 0 0 0 2 0 0 0 -2 0 -2 0 -2 0 -2
1 1 -1 -1 -1 1 1 1 -1 -1 -1 1 1 1 -3 -1 1 -1 -1 1 -1 1 -1 -1
1 -1 -1 -1 -1 -1 -1 -1 -1 -1 -1 -1 1 -1 1 -1 1 1 1 3 -1 -1 1 1
0 0 0 -2 0 0 2 0 -2 0 2 0 0 0 0 -2 0 -2 2 2 0 0 0 0
-1 1 1 1 -1 1 -1 1 -1 -1 -1 -1 -1 -1 1 1 1 1 -1 1 1 -1 1 3
1 -1 -1 -1 1 3 1 -1 -1 1 1 1 1 -1 -1 1 1 -1 -1 1 1 -1 -1 1
0 0 0 0 -2 0 0 -2 2 0 -2 0 2 0 0 2 -2 0 0 2 0 0 0 0
1 -1 -1 1 -1 -1 -1 -1 -1 1 -1 1 3 -1 -1 1 1 -1 -1 -1 1 1 -1 -1
0 2 0 0 -2 0 0 0 0 0 2 0 2 0 0 0 -2 -2 0 0 0 2 -2 0
1 -1 -1 1 -1 -1 -1 -1 1 -1 1 -1 1 -1 -1 -1 1 -1 1 -1 -1 -3 -1 -1
2 0 -2 0 0 0 0 -2 -2 0 2 0 0 0 2 0 -2 0 0 0 0 0 0 2
0 -2 0 0 0 -2 0 2 0 0 -2 0 2 0 0 2 0 0 0 0 -2 0 2 0
0 0 -2 0 2 0 0 0 2 0 -2 -2 2 0 -2 0 0 0 0 0 0 2 0 0
1 1 1 1 -1 -1 1 1 -1 -1 -1 -1 1 1 -1 -1 3 1 1 -1 -1 -1 1 1
-1 3 -1 1 1 1 -1 -1 1 -1 1 -1 1 -1 -1 -1 1 1 1 1 -1 -1 1 1
-2 0 0 0 0 -2 0 0 0 0 0 -2 2 0 0 -2 0 -2 0 0 2 0 0 -2
0 0 0 0 2 -2 0 0 0 0 2 0 0 0 0 2 0 0 2 2 -2 0 0 2
-1 1 -1 1 1 1 1 3 -1 -1 -1 -1 1 -1 1 -1 -1 1 1 -1 -1 1 1 1
1 1 1 -1 1 -1 -1 1 1 1 -1 1 1 1 -1 1 -1 -3 -1 1 1 1 1 -1
-1 1 1 1 1 -1 -1 1 1 -1 1 -1 3 1 1 1 -1 1 -1 1 1 1 1 1
1 -1 -1 1 -1 1 1 -1 1 1 1 1 1 -1 -3 -1 1 1 1 -1 -1 1 1 1
1 1 1 1 -1 -1 -1 1 1 1 -1 1 1 1 -1 1 1 1 1 1 -1 3 -1 1
0 0 0 0 2 0 2 2 -2 0 0 0 0 0 0 2 0 0 2 0 2 0 -2 0
1 1 -1 -1 -1 -1 -1 -1 3 1 -1 -1 -1 1 1 1 1 -1 1 -1 1 1 1 1
-1 -1 -1 -1 -1 3 1 1 -1 -1 1 1 -1 1 1 -1 -1 -1 -1 -1 -1 1 -1 1
-1 -1 -1 1 1 1 -1 1 1 -1 -1 -1 -3 -1 -1 -1 -1 -1 -1 -1 -1 1 1 -1
-1 -1 -1 -1 1 -1 1 -1 -1 1 -1 -1 1 1 -1 1 3 -1 1 1 -1 -1 -1 -1
0 0 0 0 2 2 0 0 0 0 0 0 -2 0 -2 0 2 0 2 2 0 2 0 0
0 2 2 0 -2 0 0 2 0 0 0 0 0 2 0 -2 0 0 0 2 2 0 0 0
-1 -3 -1 -1 1 1 1 1 -1 -1 -1 1 1 -1 -1 -1 1 -1 1 -1 1 1 1 -1
0 2 0 0 0 0 -2 2 -2 0 0 0 0 0 -2 0 0 -2 2 0 0 0 0 2
1 1 -1 1 3 1 -1 1 -1 1 -1 1 -1 -1 1 1 -1 -1 -1 -1 1 -1 1 1
-1 1 -1 -1 -1 -1 -1 -1 -1 1 -1 -1 1 1 -1 1 -1 1 -1 -1 1 1 -1 3
-1 1 -1 1 1 1 1 1 1 3 -1 -1 -1 1 -1 -1 1 -1 1 -1 -1 -1 1 1
1 -1 -1 -1 -1 1 1 1 1 1 -3 1 1 1 -1 1 1 1 1 -1 1 -1 -1 1
2 0 0 0 2 0 0 0 -2 0 0 -2 0 -2 -2 0 0 2 0 0 0 0 0 2
0 2 -2 0 2 0 2 0 0 2 2 0 0 -2 0 0 0 0 0 0 0 2 0 0
2 2 0 0 0 0 0 2 0 2 0 -2 2 0 0 2 0 0 0 -2 0 0 0 0
1 1 -1 1 -1 3 -1 1 1 1 -1 -1 -1 1 -1 1 -1 -1 -1 1 1 1 -1 1
2 2 0 0 2 0 0 2 0 0 0 0 0 0 2 0 2 2 0 2 0 0 0 0
2 2 -2 -2 -2 0 0 2 0 0 2 0 -2 0 0 0 0 0 0 0 0 0 0 0
-1 1 1 1 1 -1 -1 1 3 1 1 -1 -1 -1 -1 -1 -1 -1 1 1 1 1 -1 1
1 -1 -1 -1 -1 1 1 -1 1 -1 1 -1 -1 -1 -1 1 1 -1 -1 -1 1 3 -1 -1
-2 0 2 0 0 0 0 2 0 -2 2 2 0 0 0 0 0 0 2 0 0 2 0 0
-1 1 -1 -1 -1 -1 1 -1 -1 -1 -1 -1 1 -3 -1 -1 1 -1 1 -1 -1 1 -1 1
1 1 -1 -1 1 -1 -1 -1 1 -1 1 -1 -1 -3 1 1 1 -1 -1 1 1 -1 -1 1
2 0 0 0 -2 0 0 0 2 0 2 0 2 0 0 0 0 0 0 0 2 0 2 -2
-1 -1 -1 1 1 1 -1 -1 1 1 -1 -1 -1 -1 -1 1 1 -1 1 -1 3 -1 -1 -1
0 -2 -2 -2 -2 -2 0 0 2 0 0 2 0 -2 0 0 0 0 0 0 0 0 0 0
0 0 0 0 -2 -2 2 0 0 2 2 0 0 0 0 0 2 -2 0 -2 0 0 0 0
-1 1 -1 -1 1 3 1 -1 1 -1 -1 -1 -1 1 -1 1 1 1 -1 -1 -1 -1 -1 -1
2 0 0 0 0 2 2 0 0 0 2 0 0 2 0 0 0 0 2 -2 0 -2 0 0
2 0 0 0 -2 2 0 0 -2 0 0 2 0 0 0 0 0 0 2 0 2 2 0 0
1 -1 -1 1 1 1 -1 1 1 1 1 1 1 -3 1 -1 -1 1 1 1 -1 -1 -1 1
0 0 0 -2 0 0 2 0 0 0 -2 -2 0 0 0 -2 0 0 0 0 -2 0 2 -2
2 -2 2 0 -2 0 0 0 0 0 0 0 0 -2 0 0 2 0 0 0 0 0 -2 2
-2 0 2 -2 0 0 0 0 -2 0 0 0 -2 -2 -2 0 0 0 0 0 0 0 2 0
0 -2 0 0 0 0 0 0 0 0 0 2 2 0 2 0 0 2 0 -2 0 2 0 2
0 0 2 0 2 0 2 0 0 0 -2 0 -2 0 0 -2 0 -2 0 0 2 0 0 0
2 0 0 0 0 2 0 0 0 0 -2 0 0 -2 -2 2 0 0 0 0 0 0 2 -2
-3 1 -1 -1 -1 -1 1 1 1 -1 1 -1 -1 -1 1 1 -1 -1 -1 -1 1 1 1 1
0 -2 0 -2 0 0 2 0 0 2 0 0 0 0 2 0 0 0 0 0 -2 -2 0 2
2 2 0 0 0 2 0 -2 0 0 0 0 2 0 0 0 0 2 -2 0 0 2 0 0
1 1 1 -1 -1 -1 1 -1 1 -1 -1 1 -3 -1 1 1 -1 -1 -1 1 -1 1 1 -1
1 1 1 -1 -1 -1 1 -1 1 1 -1 1 1 -1 -1 1 1 1 -1 -1 -3 -1 -1 -1
0 2 2 -2 0 0 0 0 0 0 2 -2 0 0 0 0 2 0 0 0 0 2 0 2
-1 -1 1 -1 1 -1 -1 -1 -1 1 1 1 1 1 -1 1 -1 1 -3 -1 -1 1 1 -1
0 0 0 -2 0 2 0 0 0 2 0 0 2 0 0 0 -2 2 0 0 0 -2 0 -2
2 0 0 -2 2 0 0 0 0 0 -2 2 0 -2 0 0 0 0 0 0 0 2 -2 0
0 0 0 -2 0 -2 0 0 0 0 -2 2 0 2 0 0 0 2 0 2 0 0 0 -2
1 1 -1 1 1 1 1 -1 -1 1 -1 1 -1 1 1 1 1 -1 -1 1 1 1 -1 -3
1 1 -1 1 -1 1 -1 -1 -1 -1 1 1 -1 -1 -1 1 -1 -1 -3 -1 -1 -1 -1 -1
0 0 0 -2 -2 0 0 2 0 -2 -2 0 0 0 2 0 2 0 0 0 0 2 0 0
1 -1 1 -1 1 1 1 1 -1 -1 1 1 1 -1 1 1 -1 1 1 1 1 -1 3 1
0 0 2 2 0 0 2 2 0 2 2 0 0 0 0 0 0 2 0 0 0 0 0 2
0 2 -2 0 0 -2 2 0 2 -2 0 0 0 0 0 0 2 0 0 0 0 0 0 -2
0 0 0 -2 0 0 0 0 0 -2 2 2 0 0 0 0 2 -2 -2 0 0 0 2 0
0 0 0 0 0 0 0 0 0 4 0 4 0 0 0 0 0 0 0 0 0 0 0 0
-1 1 1 -1 -1 1 1 -1 -1 1 1 -1 1 1 1 -1 1 -1 -3 1 -1 -1 -1 -1
-3 1 1 1 -1 1 -1 -1 -1 1 -1 1 -1 1 -1 1 -1 1 -1 1 1 -1 -1 -1
0 0 0 0 2 0 0 -2 0 0 0 0 0 -2 -2 -2 2 0 -2 0 0 0 0 -2
-3 1 -1 1 -1 -1 1 1 1 1 1 1 1 -1 -1 -1 -1 1 1 -1 -1 -1 -1 -1
0 0 0 0 2 0 0 -2 2 2 0 0 0 0 0 0 2 2 0 0 0 0 -2 2
0 0 -2 0 0 -2 0 0 0 2 2 0 0 0 2 0 0 0 0 2 0 -2 0 -2
0 0 0 2 0 0 0 0 0 -2 0 0 2 -2 2 0 2 0 -2 0 -2 0 0 0
1 -1 -1 -1 -1 -1 1 -1 -1 1 -1 -1 1 -1 1 1 -1 -1 3 -1 1 -1 1 -1
-1 1 1 1 1 -1 -1 -1 1 -1 1 1 -3 -1 -1 1 1 1 1 -1 -1 -1 -1 -1
0 2 2 0 0 2 0 0 2 0 0 0 0 0 0 2 0 2 2 0 2 0 0 0
-1 1 -1 1 -1 -1 1 -1 1 1 -1 1 -1 -1 1 -1 -1 1 1 1 3 1 1 -1
0 0 2 0 0 0 0 0 -2 0 0 0 2 0 0 0 2 0 0 2 0 2 2 -2
0 2 2 0 0 0 0 -2 0 -2 -2 0 0 0 0 0 2 0 0 2 0 0 -2 0
-1 -1 1 1 -1 -1 1 -1 1 1 -1 -3 -1 -1 -1 -1 1 1 -1 -1 1 1 1 1
1 1 1 -1 1 -1 1 -1 1 1 1 -1 1 -1 1 -3 -1 1 -1 1 1 -1 1 1
1 -1 1 1 -1 -1 1 -1 1 1 1 -1 -1 1 -1 3 -1 1 1 -1 -1 1 1 -1
-1 1 -1 -1 -1 -1 1 -1 -1 -1 1 -1 -1 1 1 1 -1 -1 1 -1 -3 -1 -1 -1
1 1 1 1 -1 1 -1 1 -1 1 1 -1 -1 -1 -1 -1 -1 1 1 -1 -3 -1 1 -1
1 1 -1 1 -1 1 -1 -1 -1 -1 -1 -1 -3 1 1 1 -1 1 1 -1 1 -1 1 -1
0 2 0 0 0 -2 0 0 0 -2 2 0 0 0 0 0 -2 0 2 0 2 -2 0 0
-1 1 -1 -1 -1 1 -1 -1 1 -1 1 -1 -1 1 1 1 1 1 -1 3 1 1 1 -1
1 -1 1 -1 1 -1 1 -1 1 1 1 1 -1 -1 -1 1 -1 -1 -1 -1 1 1 1 3
0 2 0 0 -2 0 0 0 0 -2 0 2 0 2 0 0 0 2 0 -2 0 0 -2 0
2 0 2 0 -2 0 0 0 0 2 -2 0 0 0 2 0 0 2 0 0 0 0 2 0
1 1 1 1 -1 -1 1 1 -1 -1 1 -1 -1 -3 1 1 1 1 1 -1 1 1 1 -1
0 0 0 0 0 -2 0 -2 0 2 0 -2 2 0 2 0 0 0 0 0 -2 2 0 0
-2 2 0 -2 0 0 0 -2 2 0 0 2 0 0 -2 0 0 0 0 0 0 2 0 0
0 0 0 0 0 0 0 -2 0 0 -2 0 0 0 0 0 2 2 2 -2 0 2 0 -2
0 2 2 0 0 0 0 0 0 -2 0 0 0 0 0 0 0 2 -2 0 0 -2 2 -2
-2 0 2 0 2 0 0 0 0 0 2 0 0 0 0 0 2 0 0 2 2 -2 0 0
1 -1 -1 1 -1 -1 3 1 -1 1 -1 1 1 -1 1 -1 1 1 1 1 -1 1 -1 -1
-1 1 -1 -1 -1 -1 -3 -1 -1 -1 1 1 -1 -1 1 -1 1 1 1 -1 1 1 1 1
1 -1 1 -1 -1 -1 -1 3 1 1 1 1 1 1 1 -1 1 1 1 -1 -1 -1 -1 -1
-1 -1 1 -1 -1 3 1 1 -1 1 -1 -1 -1 1 1 1 1 -1 1 1 1 -1 1 -1
-1 1 1 -1 -1 1 1 -1 -1 -1 1 1 1 -1 -1 1 1 -1 1 -1 1 -1 -1 -3
0 0 0 -2 0 2 2 0 0 0 0 0 2 0 0 2 0 0 2 0 -2 2 0 0
1 1 -1 -1 -1 1 -1 -1 1 1 1 1 1 -1 1 -1 3 -1 1 1 -1 1 -1 -1
-1 1 1 1 1 1 1 -1 1 1 1 1 1 1 1 -1 -1 1 1 3 -1 1 -1 -1
-1 -1 -1 1 -1 1 1 1 -1 1 -1 1 -1 -3 -1 1 -1 1 -1 -1 1 1 -1 1
0 0 0 0 2 0 -2 0 2 2 -2 0 0 0 2 -2 0 0 0 0 0 0 0 -2
1 1 -1 -1 1 1 1 -1 -1 -3 1 1 -1 -1 -1 -1 -1 1 1 -1 -1 1 1 -1
-1 1 -1 -3 -1 1 1 -1 -1 -1 -1 1 -1 -1 1 1 -1 1 1 1 1 -1 -1 1
2 2 2 0 0 0 0 0 0 0 2 2 0 -2 -2 0 0 0 0 2 0 0 0 0
0 -2 0 0 0 0 0 0 -2 0 0 0 -2 0 2 0 0 0 2 0 -2 2 2 0
-1 1 -1 3 1 1 1 1 1 -1 1 -1 -1 -1 1 1 -1 1 -1 1 1 -1 -1 -1
0 2 2 0 0 0 0 0 -2 0 -2 0 2 -2 0 0 -2 0 0 0 2 0 0 0
2 0 2 0 2 0 0 0 0 2 2 0 0 0 2 0 0 -2 0 0 0 0 -2 0
-1 -1 1 1 1 3 -1 -1 -1 -1 1 1 -1 -1 1 1 1 1 -1 -1 1 1 1 -1
0 0 0 -2 0 0 -2 0 0 2 2 0 0 -2 -2 0 0 0 0 -2 0 0 -2 0
-1 -1 1 1 -1 1 1 -1 1 -1 -1 -1 -1 -1 -1 1 1 -1 1 1 -3 -1 1 1
1 -1 3 -1 1 1 1 -1 -1 -1 -1 -1 -1 -1 1 1 -1 1 1 -1 -1 -1 -1 -1
0 0 0 0 2 -2 2 2 2 0 0 2 0 0 2 0 -2 0 0 0 0 0 0 0
0 0 0 0 2 0 0 0 0 -2 0 2 2 0 -2 2 2 2 0 0 0 0 0 0
0 2 0 2 0 0 0 0 -2 0 2 2 2 0 0 0 0 0 0 -2 0 0 2 0
1 -1 1 1 1 -1 1 -1 -1 1 -1 1 -1 -1 1 1 -1 1 -1 3 1 -1 -1 1
1 -1 1 -1 -1 1 1 -1 -1 1 1 1 1 -3 1 -1 -1 -1 -1 -1 -1 1 1 -1
-3 -1 1 -1 1 1 1 -1 1 1 1 -1 -1 -1 1 -1 1 -1 1 -1 -1 1 -1 -1
-1 1 -1 1 1 -1 -1 -3 -1 -1 1 -1 1 1 1 1 1 1 -1 -1 1 -1 -1 -1
-1 1 1 3 1 -1 1 1 -1 1 -1 1 -1 -1 -1 1 -1 -1 1 1 -1 1 1 -1
0 -2 0 0 0 -2 2 0 0 0 2 -2 0 -2 0 0 -2 0 0 0 0 0 -2 0
0 0 0 0 -2 2 0 -2 0 2 0 0 0 0 2 2 0 0 0 -2 0 0 -2 0
0 0 2 -2 0 2 -2 0 0 0 0 0 0 2 0 0 0 0 0 0 0 2 -2 -2
-2 -2 0 0 0 0 0 0 0 0 0 2 0 0 0 0 2 0 -2 -2 0 -2 -2 0
-1 1 1 -1 -1 -1 1 -1 1 1 -1 -1 -1 1 1 -1 1 1 1 -1 1 -3 -1 -1
-2 0 0 0 -2 0 0 -2 0 2 2 0 0 -2 0 0 0 0 0 2 0 0 0 2
1 -1 -1 1 -1 1 1 1 1 1 1 1 -1 -1 3 1 1 -1 -1 1 1 1 1 1
0 0 0 -2 2 0 2 0 2 0 0 0 0 -2 -2 0 0 0 2 0 0 -2 0 0
0 0 0 -2 0 0 2 2 0 0 0 0 0 -2 0 0 0 0 -2 2 2 0 0 -2
-2 -2 0 0 0 0 0 0 -2 0 2 0 2 0 2 2 0 -2 0 0 0 0 0 0
-1 -1 1 1 1 -1 -1 1 1 -1 1 1 1 -3 -1 1 -1 -1 -1 -1 1 -1 1 -1
1 -1 -1 1 1 -1 -1 -1 -1 -1 -1 -1 1 -1 1 -1 -1 1 -1 -1 1 1 3 -1
1 -1 1 -1 -1 -3 1 1 1 -1 1 -1 -1 1 1 1 1 1 -1 1 1 -1 1 1
-1 1 -1 -1 -1 1 1 -1 1 1 1 1 -1 -1 1 1 1 1 1 -1 -1 -1 3 -1
0 0 0 0 0 0 0 0 2 -2 -2 2 2 0 0 -2 0 0 2 0 -2 0 0 0
-2 0 2 0 -2 0 0 2 -2 0 0 -2 0 0 0 0 0 0 0 -2 0 0 -2 0
1 1 -1 -1 -1 -1 1 -1 -1 1 -1 1 -1 -1 -1 1 3 1 -1 1 1 1 1 1
-1 -1 1 1 -1 -1 -1 1 1 1 1 1 -1 -1 1 1 -1 -1 -1 -1 -3 1 -1 1
0 -2 2 0 0 0 0 0 2 0 0 2 0 0 -2 0 -2 2 0 0 0 0 -2 0
0 0 0 -2 2 0 0 -2 0 0 0 2 -2 2 2 0 0 0 0 -2 0 0 0 0
-1 -1 1 1 -1 1 -1 1 1 1 -1 1 -3 1 1 -1 1 1 1 -1 1 1 -1 1
-1 1 -1 1 1 1 3 -1 -1 1 -1 1 1 1 1 -1 -1 1 -1 -1 1 -1 -1 1
0 0 2 0 0 -2 0 0 0 2 0 0 -2 0 0 -2 2 0 0 2 -2 0 0 0
0 0 0 0 0 0 -2 -2 0 0 -2 2 0 -2 -2 0 0 0 0 0 0 -2 0 2
1 -1 1 1 -1 -1 -1 1 -1 -1 -1 3 -1 -1 -1 -1 1 1 -1 -1 -1 1 1 -1
1 1 1 1 1 1 1 1 1 -1 1 -1 1 -1 -1 -1 1 1 1 -1 -1 1 -3 -1
0 0 -2 0 0 -2 0 0 0 0 0 0 -2 0 2 2 0 2 0 0 0 2 -2 0
0 2 0 0 0 0 0 2 2 0 0 2 0 -2 0 0 2 0 0 -2 0 0 0 2
-1 1 1 -1 1 1 -1 -1 -1 1 -1 -1 1 -1 1 -1 1 1 -1 -3 -1 -1 1 1
-1 1 -1 -3 1 -1 -1 1 1 -1 1 -1 1 -1 1 -1 -1 1 1 1 -1 1 -1 -1
-2 0 2 0 0 0 0 0 0 0 0 0 0 2 2 2 2 2 0 0 -2 0 0 0
0 0 2 0 0 0 -2 -2 0 0 0 2 0 0 0 0 -2 0 2 0 0 0 2 -2
0 0 0 0 0 2 0 0 0 0 0 -2 0 0 2 2 -2 0 -2 0 -2 0 2 0
0 0 2 0 0 0 2 -2 -2 2 0 0 0 0 -2 0 0 0 0 0 0 2 -2 0
-1 1 3 1 -1 -1 -1 -1 1 1 1 1 1 -1 1 -1 1 1 -1 -1 1 1 -1 -1
0 0 2 -2 0 2 2 0 0 0 0 2 0 0 0 -2 2 2 0 0 0 0 0 0
-2 0 0 0 -2 2 -2 0 2 -2 0 0 0 -2 0 0 0 0 0 0 0 0 -2 0
0 0 0 0 0 0 0 0 0 0 0 0 0 0 0 4 0 0 0 0 0 -4 0 0
0 -2 0 0 0 0 0 -2 -2 2 0 0 0 0 2 -2 2 0 0 0 2 0 0 0
-1 3 1 -1 1 -1 1 1 -1 1 -1 1 1 1 1 -1 1 -1 1 -1 -1 1 -1 -1
1 -1 -1 -1 1 3 1 -1 1 1 -1 -1 -1 -1 1 -1 -1 1 1 -1 1 1 1 1
0 0 -2 0 0 2 0 2 2 0 0 2 0 0 0 0 0 2 0 0 0 2 0 -2
-2 2 0 0 0 -2 2 0 -2 0 0 -2 0 0 0 0 0 2 0 2 0 0 0 0
-1 -1 1 -1 -1 -1 -1 -1 -1 1 -1 1 1 -1 1 -1 -1 -1 1 1 -1 -1 -3 -1
-3 1 1 -1 -1 1 -1 -1 -1 -1 -1 -1 1 1 1 -1 -1 -1 1 1 -1 1 1 1
1 1 1 -1 -1 1 3 -1 1 -1 -1 -1 1 -1 1 1 1 -1 -1 -1 1 -1 1 1
0 0 0 2 0 2 -2 -2 0 0 0 0 0 0 2 0 0 -2 0 2 0 -2 0 0
0 0 0 -2 2 0 0 2 0 2 0 0 -2 0 0 2 0 0 0 0 -2 0 0 -2
-2 0 2 0 -2 -2 2 0 0 0 -2 2 0 0 0 0 0 0 0 0 0 0 0 2
-1 1 1 -1 -1 1 1 1 3 1 -1 -1 1 1 1 -1 -1 1 -1 -1 -1 1 -1 1
0 0 2 0 2 0 0 0 0 0 0 0 0 0 0 2 2 -2 2 -2 0 0 2 0
-2 0 -2 -2 -2 0 0 0 -2 2 0 0 0 0 0 0 0 0 0 0 0 2 0 -2
2 0 2 0 0 0 -2 0 0 0 0 -2 0 0 0 -2 0 0 2 -2 2 0 0 0
0 0 2 -2 0 -2 0 0 2 -2 0 0 0 0 0 0 0 -2 0 -2 0 0 -2 0
-1 1 1 -1 1 1 1 -1 1 -1 3 1 1 -1 1 1 -1 1 -1 -1 -1 -1 -1 1
2 0 0 2 0 0 -2 -2 0 2 0 0 -2 -2 0 0 0 0 0 0 0 2 0 0
1 1 1 1 -3 -1 -1 1 1 1 -1 1 -1 -1 -1 1 -1 -1 1 -1 1 -1 -1 -1
1 1 -1 -1 1 -1 1 -1 1 -1 -1 -1 1 1 1 1 -1 3 1 -1 -1 -1 1 1
2 -2 0 -2 0 0 0 0 0 2 2 0 0 0 0 0 0 2 0 2 0 2 0 0
-1 1 1 1 1 1 -1 -1 1 1 1 -1 1 -1 -1 3 1 -1 -1 1 -1 1 -1 -1
-1 -1 -1 1 -3 -1 1 -1 -1 -1 -1 -1 -1 -1 1 1 1 -1 -1 1 1 -1 -1 -1
-2 -2 2 0 0 0 0 2 0 0 0 0 0 0 2 -2 0 0 -2 0 0 0 2 0
-1 -1 -1 -1 1 -1 -1 1 1 1 1 -1 1 -1 1 1 3 1 -1 -1 1 1 1 -1
0 -2 0 2 -2 0 2 2 2 -2 0 0 0 0 0 0 0 0 0 -2 0 0 0 0
0 0 2 0 0 0 0 -2 0 0 0 0 0 2 -2 0 0 2 0 2 0 0 2 2
2 0 0 0 0 0 -2 0 0 -2 0 0 -2 0 2 -2 0 0 0 0 -2 0 -2 0
1 -1 -1 -1 -1 1 -3 1 -1 1 -1 1 -1 -1 1 1 1 1 -1 1 1 -1 -1 -1
-1 1 3 -1 -1 -1 1 1 1 1 1 -1 1 -1 1 1 -1 -1 1 1 -1 -1 1 -1
1 -1 1 -1 1 1 -1 -3 1 -1 1 -1 1 -1 -1 -1 -1 -1 1 1 -1 1 -1 1
1 -1 1 1 -1 1 1 1 -1 -1 -1 -1 -1 1 -1 1 1 3 -1 1 1 1 -1 -1
2 0 0 0 0 -2 0 0 0 0 -2 2 0 0 2 0 2 -2 0 0 0 -2 0 0
1 1 1 -1 -1 -1 1 -1 1 1 1 1 -1 -1 1 -1 -1 1 3 -1 -1 1 -1 1
-2 0 -2 2 2 0 0 0 0 0 0 2 0 0 2 0 2 0 2 0 0 0 0 0
-2 -2 0 0 0 0 0 0 0 0 0 0 0 -2 0 2 0 2 2 2 0 0 0 -2
1 1 1 1 1 -1 1 1 -1 1 -1 -1 -1 -1 1 -1 -1 1 -3 -1 -1 1 -1 -1
-1 -1 1 -1 -1 1 1 1 1 1 1 1 1 -1 1 -1 -1 -1 1 -1 3 -1 -1 1
0 0 0 2 0 0 2 -2 2 0 0 2 0 -2 0 0 0 -2 0 0 0 0 -2 0
0 0 2 0 0 2 0 0 2 2 0 0 -2 -2 0 0 0 0 -2 0 0 -2 0 0
0 0 0 0 0 -2 0 2 0 -2 -2 0 0 -2 0 0 0 2 0 0 0 -2 -2 0
0 2 0 0 0 0 0 -2 2 0 0 -2 0 -2 0 0 -2 0 0 -2 0 0 0 -2
-2 0 0 0 0 0 2 0 0 -2 -2 0 0 0 0 0 -2 0 0 0 0 2 -2 -2
1 1 1 -1 3 -1 1 -1 1 -1 1 -1 -1 1 -1 1 -1 1 -1 1 1 1 -1 -1
-1 -1 -1 -1 -1 -1 -1 1 1 -1 1 -1 -1 1 -1 1 -1 1 -1 -1 1 -1 -1 -3
-1 1 -1 -1 1 -3 1 -1 -1 1 -1 1 -1 -1 -1 1 -1 -1 -1 -1 1 -1 -1 -1
0 2 0 0 0 0 -2 0 0 0 -2 0 0 -2 2 2 0 0 2 0 -2 0 0 0
0 2 0 2 0 0 0 0 -2 2 0 0 0 -2 0 0 2 0 0 0 0 -2 -2 0
-2 0 0 -2 0 0 -2 2 0 0 -2 2 0 0 0 0 -2 0 0 -2 0 0 0 0
-1 -1 -1 -1 -1 1 -1 1 1 1 1 -1 -1 -1 -1 -3 1 1 1 1 1 -1 1 -1
0 0 2 -2 0 0 -2 0 2 0 0 2 0 0 2 0 0 0 0 2 0 0 0 2
0 2 0 0 0 0 0 0 0 2 2 0 0 2 -2 0 2 2 0 0 0 0 0 -2
1 1 1 1 -1 1 -1 1 1 -1 1 -1 -1 1 1 1 3 -1 -1 -1 1 -1 -1 -1
-1 1 -1 1 -1 -1 1 -1 -1 1 1 1 -3 1 -1 -1 -1 1 -1 -1 -1 1 1 1
-1 1 -1 -1 1 -1 -1 1 1 1 1 1 -1 -1 -1 1 -1 3 -1 1 1 -1 1 1
-1 1 1 1 -1 -1 -1 -1 -1 1 1 -1 -1 1 1 1 1 -1 3 1 1 1 -1 -1
-2 0 0 0 2 0 0 0 2 -2 0 0 0 0 0 -2 0 2 0 -2 2 0 0 0
-1 -1 1 1 -1 1 -1 1 1 1 -1 -1 1 -1 1 1 -1 -1 1 -1 1 3 1 -1
0 0 2 0 -2 2 0 2 0 0 0 2 2 0 0 2 0 0 -2 0 0 0 0 0
-2 2 0 0 0 2 -2 2 0 2 2 0 0 0 2 0 0 0 0 0 0 0 0 0
0 0 0 2 -2 0 0 0 2 0 0 2 0 0 0 0 2 2 0 2 0 -2 0 0
0 2 0 0 2 2 0 0 2 -2 0 0 0 0 2 0 0 -2 0 0 0 2 0 0
1 -1 1 3 1 -1 1 -1 -1 -1 1 1 -1 1 1 -1 -1 1 1 -1 1 1 -1 -1
2 2 0 0 -2 -2 0 -2 -2 0 0 0 0 0 0 -2 0 0 0 0 0 0 0 -2
-1 -1 3 1 -1 1 1 -1 1 -1 1 -1 -1 1 1 1 -1 -1 -1 1 1 1 -1 1
1 1 3 -1 1 -1 -1 1 -1 1 -1 1 -1 1 -1 1 1 1 -1 -1 1 -1 -1 1
-1 -3 1 -1 1 -1 -1 -1 -1 -1 1 -1 -1 1 -1 1 1 1 1 -1 1 1 -1 1
0 0 0 0 0 2 0 0 -2 0 0 -2 0 -2 2 0 0 0 0 2 0 2 -2 0
-2 2 0 2 -2 2 2 0 0 0 0 0 0 0 0 0 2 0 0 0 0 2 0 0
0 0 0 0 0 0 2 0 2 -2 0 0 0 -2 0 0 0 2 0 2 0 2 0 2
-1 -1 1 1 1 -1 -1 -1 1 1 1 -1 -1 -1 3 1 -1 1 1 -1 1 -1 1 1
-1 1 1 1 1 1 1 1 1 1 1 1 -1 1 -1 1 -1 -1 -1 -3 1 1 -1 -1
0 0 0 2 0 0 -2 0 2 0 -2 0 0 0 0 2 0 2 -2 -2 0 0 0 0
1 -1 -1 -1 1 -1 1 -1 1 1 1 1 1 1 -1 -1 -1 -1 1 -1 -1 1 -1 -3
-1 1 1 1 -1 -3 -1 1 1 -1 -1 -1 -1 1 1 -1 -1 1 1 -1 -1 1 1 -1
0 0 0 0 2 0 0 2 -2 0 2 0 -2 0 0 -2 2 0 0 -2 0 0 0 0
-1 1 1 -1 1 1 1 1 1 -1 1 -1 -3 1 1 -1 -1 1 1 1 -1 -1 1 1
0 -2 0 0 2 0 0 0 0 0 -2 0 -2 0 0 0 2 2 0 0 0 -2 2 0
-1 1 1 -1 1 1 1 1 -1 1 -1 1 -1 1 1 1 -1 1 -1 1 1 3 1 1
-2 0 2 0 0 0 0 2 2 0 -2 0 0 0 -2 0 2 0 0 0 0 0 0 -2
0 2 0 0 0 2 0 -2 0 0 2 0 -2 0 0 -2 0 0 0 0 2 0 -2 0
0 0 2 0 -2 0 0 0 -2 0 2 2 -2 0 2 0 0 0 0 0 0 -2 0 0
-1 -1 -1 -1 1 1 -1 -1 1 1 1 1 -1 -1 1 1 -3 -1 -1 1 1 1 -1 -1
1 -3 1 -1 -1 -1 1 1 -1 1 -1 1 -1 1 1 1 -1 -1 -1 -1 1 1 -1 -1
2 0 0 0 0 2 0 0 0 0 0 2 -2 0 0 2 0 2 0 0 -2 0 0 2
0 0 0 0 -2 2 0 0 0 0 -2 0 0 0 0 -2 0 0 -2 -2 2 0 0 -2
1 -1 1 -1 -1 -1 -1 -3 1 1 1 1 -1 1 -1 1 1 -1 -1 1 1 -1 -1 -1
-1 -1 -1 1 -1 1 1 -1 -1 -1 1 -1 -1 -1 1 -1 1 3 1 -1 -1 -1 -1 1
1 -1 -1 -1 -1 1 1 -1 -1 1 -1 1 -3 -1 -1 -1 1 -1 1 -1 -1 -1 -1 -1
-1 1 1 -1 1 -1 -1 1 -1 -1 -1 -1 -1 1 3 1 -1 -1 -1 1 1 -1 -1 -1
-1 -1 -1 -1 1 1 1 -1 -1 -1 1 -1 -1 -1 1 -1 -1 -1 -1 -1 1 -3 1 -1
0 0 0 0 -2 0 -2 -2 2 0 0 0 0 0 0 -2 0 0 -2 0 -2 0 2 0
-1 -1 1 1 1 1 1 1 -3 -1 1 1 1 -1 -1 -1 -1 1 -1 1 -1 -1 -1 -1
1 1 1 1 1 -3 -1 -1 1 1 -1 -1 1 -1 -1 1 1 1 1 1 1 -1 1 -1
1 1 1 -1 -1 -1 1 -1 -1 1 1 1 3 1 1 1 1 1 1 1 1 -1 -1 1
1 1 1 1 -1 1 -1 1 1 -1 1 1 -1 -1 1 -1 -3 1 -1 -1 1 1 1 1
0 0 0 0 -2 -2 0 0 0 0 0 0 2 0 2 0 -2 0 -2 -2 0 -2 0 0
0 -2 -2 0 2 0 0 -2 0 0 0 0 0 -2 0 2 0 0 0 -2 -2 0 0 0
1 3 1 1 -1 -1 -1 -1 1 1 1 -1 -1 1 1 1 -1 1 -1 1 -1 -1 -1 1
0 -2 0 0 0 0 2 -2 2 0 0 0 0 0 2 0 0 2 -2 0 0 0 0 -2
-1 -1 1 -1 -3 -1 1 -1 1 -1 1 -1 1 1 -1 -1 1 1 1 1 -1 1 -1 -1
1 -1 1 1 1 1 1 1 1 -1 1 1 -1 -1 1 -1 1 -1 1 1 -1 -1 1 -3
1 -1 1 -1 -1 -1 -1 -1 -1 -3 1 1 1 -1 1 1 -1 1 -1 1 1 1 -1 -1
-1 1 1 1 1 -1 -1 -1 -1 -1 3 -1 -1 -1 1 -1 -1 -1 -1 1 -1 1 1 -1
-2 0 0 0 -2 0 0 0 2 0 0 2 0 2 2 0 0 -2 0 0 0 0 0 -2
0 -2 2 0 -2 0 -2 0 0 -2 -2 0 0 2 0 0 0 0 0 0 0 -2 0 0
-2 -2 0 0 0 0 0 -2 0 -2 0 2 -2 0 0 -2 0 0 0 2 0 0 0 0
-1 -1 1 -1 1 -3 1 -1 -1 -1 1 1 1 -1 1 -1 1 1 1 -1 -1 -1 1 -1
-2 -2 0 0 -2 0 0 -2 0 0 0 0 0 0 -2 0 -2 -2 0 -2 0 0 0 0
-2 -2 2 2 2 0 0 -2 0 0 -2 0 2 0 0 0 0 0 0 0 0 0 0 0
1 -1 -1 -1 -1 1 1 -1 -3 -1 -1 1 1 1 1 1 1 1 -1 -1 -1 -1 1 -1
