# S496: the 496-vector independent set of Ma et al. 2025 (PackingStar, arXiv:2511.13391), in our coordinates
# source: data/external/PackingStar/25D-31D/Si_configurations/24D_496_Si.npy (sha256 0121a72731e4849071c320a38364a68c59058033e04d24a5325a724e3b6ed59b)
# repo: https://github.com/CDM1619/PackingStar @ 50ea645a9805d4f29b96180550186d26a166c3be
# map: ours[perm[i]] = signs[i]*theirs[i]; perm = [0, 1, 2, 3, 4, 5, 15, 20, 6, 19, 16, 12, 8, 18, 22, 23, 11, 9, 13, 10, 14, 7, 21, 17]; negated coordinates = none (data/external/coordinate_map.json)
# converted by python/tools/convert_external.py on 2026-08-25; rows in source order
# 496 rows, 24 ints each, sqrt8-integer scaling (squared norm 32); independent set iff all off-diagonal Gram entries <= 8
1 1 -1 1 3 -1 1 1 -1 1 1 1 1 1 -1 1 1 1 -1 1 1 1 -1 -1
1 1 -1 -1 -3 -1 -1 1 -1 1 1 1 1 1 1 -1 -1 1 -1 -1 -1 1 -1 -1
2 -2 0 0 0 0 0 2 0 0 2 -2 0 0 0 0 0 2 0 0 0 0 -2 -2
0 -2 0 0 -2 0 0 0 0 0 0 -2 0 2 -2 0 -2 0 0 0 -2 2 0 0
-1 -1 1 -1 -1 1 -1 1 -1 1 1 1 1 1 3 -1 1 -1 1 -1 1 -1 1 -1
0 0 2 -2 0 0 -2 2 0 0 0 0 -2 0 0 -2 0 0 0 -2 0 0 -2 0
1 -1 -1 -1 1 -1 -1 1 1 1 -1 -1 1 -1 1 -1 3 -1 1 -1 -1 -1 -1 -1
0 -2 0 0 0 2 0 -2 -2 -2 0 -2 0 0 0 0 0 0 -2 0 0 0 2 0
2 2 0 0 0 -2 0 0 0 2 0 -2 0 -2 0 0 0 0 0 0 0 2 0 -2
0 0 0 0 0 -2 0 -2 0 2 2 0 0 2 0 0 0 2 0 0 0 2 2 0
0 -2 0 0 0 0 0 0 -2 0 2 -2 0 -2 0 0 0 -2 2 0 0 -2 0 0
-1 1 1 -1 1 1 -1 -1 -1 -1 1 1 -1 1 1 -1 3 1 -1 -1 -1 1 1 1
-1 1 -1 1 1 1 1 -1 -1 1 1 -1 -1 -1 1 1 -1 -1 1 1 3 1 -1 -1
0 2 -2 0 0 2 0 -2 0 0 -2 0 0 -2 0 0 0 0 -2 0 0 0 0 -2
0 0 -2 0 0 -2 0 -2 -2 0 0 -2 0 0 0 0 0 -2 0 0 0 2 0 2
-1 -1 -1 1 1 1 1 -1 1 1 -1 1 -1 1 1 1 3 1 -1 1 -1 -1 -1 -1
0 2 0 0 0 0 0 0 -2 0 2 2 0 2 0 0 0 -2 2 0 0 2 0 0
2 0 0 0 0 0 0 0 -2 -2 0 2 2 0 0 0 0 -2 0 0 0 -2 2 0
2 0 0 0 0 0 0 -2 2 0 0 0 0 -2 0 0 0 0 2 0 0 -2 2 -2
0 0 -2 -2 0 0 -2 -2 0 0 0 0 2 0 0 -2 0 0 0 -2 0 0 2 0
0 -2 0 0 2 0 0 0 0 0 0 -2 0 2 2 0 2 0 0 0 2 2 0 0
2 -2 0 0 0 -2 0 0 0 2 0 2 0 2 0 0 0 0 0 0 0 -2 0 -2
1 -1 -1 1 -3 -1 1 -1 -1 -1 1 1 -1 1 1 1 -1 -1 1 1 -1 -1 -1 1
2 2 0 0 0 0 0 0 0 -2 2 0 -2 -2 0 0 0 0 2 0 0 0 -2 0
0 -2 0 0 2 0 0 0 0 0 2 0 2 0 0 0 2 2 0 0 0 -2 2 0
0 0 2 0 0 0 0 2 2 0 0 -2 0 -2 2 0 0 0 2 0 2 0 0 0
1 -1 -1 -1 -1 1 -1 1 -1 -3 1 -1 1 1 1 -1 1 -1 1 -1 -1 1 -1 1
-1 -1 -1 1 -1 -1 1 1 -1 3 1 -1 1 1 1 1 1 -1 1 1 -1 1 -1 -1
0 0 0 0 2 0 0 0 -2 0 0 -2 -2 -2 0 0 2 0 -2 0 0 0 -2 0
3 -1 1 1 1 -1 1 -1 -1 -1 1 -1 -1 1 -1 1 -1 -1 1 1 1 1 1 -1
0 -2 -2 0 0 0 0 -2 0 0 -2 0 0 0 2 0 0 -2 0 0 2 -2 0 0
-1 -1 1 -1 -1 -1 -1 1 1 3 1 -1 1 -1 -1 -1 -1 1 1 -1 -1 -1 1 -1
-3 -1 1 -1 1 1 -1 -1 -1 1 1 -1 -1 1 -1 -1 -1 -1 1 -1 1 1 1 1
-3 1 1 1 1 1 1 1 1 1 1 1 1 1 1 1 1 1 1 1 1 1 1 1
0 -2 -2 0 0 0 0 0 -2 0 2 0 2 2 0 0 -2 0 0 0 2 0 0 0
0 -2 0 0 0 0 0 -2 0 0 0 0 0 2 0 0 2 -2 2 0 -2 0 2 0
0 0 0 0 0 0 0 2 -2 0 2 2 0 0 0 0 2 0 0 0 -2 -2 -2 0
1 1 -1 -1 1 1 -1 1 -1 1 1 1 1 -1 -1 -1 -1 -1 1 -1 1 -1 -1 -3
0 2 -2 0 2 0 0 -2 2 0 0 0 0 0 0 0 2 0 2 0 0 2 0 0
0 0 2 0 -2 0 0 0 -2 0 2 -2 -2 0 2 0 0 0 0 0 0 2 0 0
-2 -2 -2 0 0 0 0 0 2 0 0 -2 2 0 0 0 0 0 2 0 0 0 0 2
-1 1 -1 -1 1 -1 -1 -1 -1 3 -1 1 -1 1 1 -1 1 -1 -1 -1 1 1 -1 -1
2 -2 -2 0 0 0 0 -2 2 -2 0 0 0 2 0 0 0 2 0 0 0 0 0 0
2 0 -2 0 0 0 0 0 0 0 -2 0 2 2 0 0 0 -2 0 0 0 2 0 -2
0 0 -2 0 0 0 0 0 0 0 0 -2 2 0 0 0 2 2 -2 0 -2 2 0 0
0 2 0 0 0 -2 0 0 2 0 0 0 2 -2 0 0 0 2 0 0 0 0 2 2
0 0 0 0 2 0 0 0 -2 0 -2 0 0 0 -2 0 -2 -2 -2 0 2 0 0 0
1 -1 1 -1 1 -1 -1 -1 -1 1 1 -1 -1 -1 1 -1 -1 1 -1 -1 3 -1 1 -1
-2 0 -2 0 0 0 0 -2 0 2 2 2 0 0 0 0 0 0 2 0 0 -2 0 0
1 1 -1 -1 -1 -1 -1 -1 1 -1 -1 -1 -1 -1 3 -1 1 1 -1 -1 1 1 -1 1
0 0 0 0 0 2 0 0 0 0 2 -2 2 0 0 0 0 0 2 0 0 2 2 -2
-2 0 0 0 2 -2 0 0 0 2 0 0 0 0 -2 0 2 0 0 0 -2 0 0 2
-1 -1 -1 -1 1 1 -1 1 -1 -1 1 -1 1 -1 -3 -1 -1 1 -1 -1 -1 -1 -1 1
-3 -1 -1 1 -1 1 1 -1 -1 1 -1 -1 -1 -1 -1 1 -1 -1 -1 1 -1 -1 -1 1
0 2 -2 0 -2 0 0 0 0 0 0 0 2 -2 2 0 0 -2 2 0 0 0 0 0
0 0 0 0 0 0 0 0 0 0 -2 -2 2 -2 -2 0 0 -2 0 0 -2 0 2 0
1 -1 -1 -1 3 -1 -1 -1 -1 -1 1 1 -1 1 -1 -1 1 -1 1 -1 1 -1 -1 1
-2 0 0 0 0 2 0 0 -2 2 2 0 0 0 0 0 0 2 -2 0 0 0 0 -2
1 -1 1 -1 -1 1 -1 -1 1 1 -1 -1 -1 1 1 -1 1 1 -1 -1 -1 1 1 -3
1 1 1 -1 1 -1 -1 -1 1 1 -1 1 -1 1 -3 -1 -1 -1 1 -1 -1 1 1 -1
0 2 0 0 2 0 0 -2 -2 0 2 0 0 -2 -2 0 0 0 0 0 0 0 2 0
0 0 0 0 0 0 0 -4 0 0 0 0 -4 0 0 0 0 0 0 0 0 0 0 0
0 -2 0 0 0 0 0 0 2 0 0 0 -2 0 -2 0 0 0 2 0 -2 -2 -2 0
0 0 0 0 -2 0 0 0 -2 0 -2 0 0 0 2 0 2 -2 -2 0 -2 0 0 0
0 0 -2 0 0 -2 0 0 -2 2 0 0 2 -2 0 0 0 0 -2 0 0 -2 0 0
0 0 4 0 0 0 0 0 0 0 0 0 0 0 0 0 0 0 0 0 0 0 4 0
2 0 0 0 2 2 0 0 0 -2 0 0 0 0 -2 0 2 0 0 0 -2 0 0 -2
2 0 0 0 0 -2 0 0 -2 -2 2 0 0 0 0 0 0 2 -2 0 0 0 0 2
1 -1 1 1 -1 -1 1 -1 -1 1 1 -1 -1 -1 -1 1 1 1 -1 1 -3 -1 1 -1
-1 -1 -1 -1 -1 1 -1 -1 1 1 -1 1 -1 1 -1 -1 -3 1 -1 -1 1 -1 -1 -1
-1 1 -1 -1 -1 1 -1 -1 -1 1 1 -1 -1 -1 -1 -1 1 -1 1 -1 -3 1 -1 -1
0 0 -2 0 -2 0 0 -2 0 0 2 -2 0 -2 0 0 -2 2 0 0 0 0 0 0
0 0 0 0 2 0 0 2 0 0 0 -2 0 0 -2 0 0 -2 2 0 0 2 -2 0
-1 -1 -1 -1 1 3 -1 -1 1 -1 1 -1 -1 -1 1 -1 1 1 1 -1 1 -1 -1 -1
1 1 -1 1 -1 1 1 -1 1 1 1 1 -1 1 -1 1 -1 1 1 1 -1 1 -1 -3
0 -2 2 0 0 -2 0 0 0 2 -2 -2 -2 0 0 0 0 -2 0 0 0 0 0 0
1 1 1 -1 -1 -3 -1 -1 -1 1 1 1 -1 -1 1 -1 1 -1 1 -1 -1 -1 1 1
-1 1 -1 -1 -1 -1 -1 -1 1 -1 1 1 -1 1 -1 -1 -1 1 1 -1 -1 1 -1 3
1 -1 -1 -1 1 -3 -1 1 1 1 -1 -1 1 1 -1 -1 -1 1 -1 -1 1 1 -1 1
1 -1 -1 1 1 -3 1 -1 1 1 1 -1 -1 -1 1 1 1 1 1 1 1 -1 -1 1
1 -1 1 -1 -1 -1 3 -1 -1 -1 -1 1 -1 -1 1 -1 -1 -1 -1 -1 1 1 1 1
-1 -1 -1 -1 -1 -1 -1 1 1 -1 1 1 -1 3 -1 -1 1 -1 -1 -1 1 1 1 -1
-1 1 1 1 1 -1 1 1 1 1 -1 -1 1 1 -1 1 -1 -1 1 -3 1 -1 1 1
0 0 0 0 -2 2 0 0 0 2 0 0 -2 0 0 0 0 2 2 0 2 0 2 0
0 0 -2 0 2 0 0 0 0 -2 -2 0 -2 0 0 0 -2 0 2 0 0 0 0 -2
-1 -1 1 -1 -1 1 -1 1 1 -1 -1 1 -1 -1 -1 3 -1 1 -1 -1 -1 1 -1 1
2 0 0 0 2 0 0 2 2 2 0 0 -2 0 2 0 0 0 -2 0 0 0 0 0
0 -2 0 -2 0 0 2 0 0 0 0 -2 0 2 0 2 0 0 0 2 0 -2 0 0
1 -1 -1 1 1 1 -1 -1 -1 1 1 -1 -1 1 3 1 -1 1 1 1 -1 -1 1 -1
2 0 0 -2 0 0 0 0 0 0 -2 0 -2 2 0 2 0 0 0 -2 2 0 0 0
0 2 0 0 0 0 -2 0 2 2 2 0 0 0 0 0 0 -2 0 0 2 0 2 0
-1 1 -1 -1 1 1 1 -1 1 -1 1 -1 1 3 -1 -1 -1 -1 1 -1 -1 -1 -1 -1
1 1 -1 -1 1 1 1 1 1 1 -1 -1 -1 -1 -1 -1 1 1 1 3 1 -1 -1 -1
0 0 0 -2 -2 0 0 0 -2 0 0 0 0 2 0 -2 0 0 0 2 0 0 2 2
1 -1 1 -1 1 1 -1 -1 -1 1 -1 1 1 3 1 -1 -1 1 1 -1 -1 1 -1 1
0 -2 0 0 -2 0 2 -2 0 0 2 0 0 0 0 0 2 0 0 0 2 0 0 -2
-1 -1 1 -3 1 -1 -1 1 1 1 1 1 1 1 1 1 1 1 -1 1 -1 1 -1 -1
2 0 0 0 0 2 0 -2 2 0 0 0 0 0 -2 0 0 -2 0 0 2 0 -2 0
-1 1 1 -1 1 -1 1 -1 -1 1 -1 1 1 -1 1 -1 -1 1 3 -1 1 1 1 -1
0 -2 -2 0 0 2 -2 0 0 0 0 2 0 0 -2 0 0 0 2 0 0 2 0 0
2 0 -2 0 0 0 0 2 -2 0 -2 0 0 0 -2 0 2 0 0 0 0 0 0 2
1 -1 -1 -1 1 -1 -1 -1 -1 1 1 1 1 -1 1 3 1 -1 1 -1 1 1 1 -1
0 4 0 -4 0 0 0 0 0 0 0 0 0 0 0 0 0 0 0 0 0 0 0 0
0 0 2 0 0 -2 0 0 0 0 -2 0 0 0 0 0 2 2 0 0 2 0 -2 -2
0 0 0 -2 0 0 0 -2 0 -2 0 0 0 -2 0 2 -2 -2 0 2 0 0 0 0
-1 -1 1 -1 1 -1 -1 1 1 1 -1 1 1 -1 -1 -1 -1 -1 1 3 1 1 1 1
-1 1 -1 -1 -1 1 1 1 -1 1 1 -1 1 -1 -1 3 1 1 1 -1 -1 -1 1 1
-1 -1 -1 -1 1 1 3 1 1 1 1 1 1 -1 -1 -1 1 1 1 -1 -1 1 -1 -1
-1 -1 -1 1 1 -3 -1 1 -1 -1 -1 -1 1 1 -1 1 1 -1 1 1 1 -1 1 -1
2 -2 0 0 2 0 2 0 0 2 0 0 2 0 0 0 0 -2 0 0 0 0 0 2
-1 -1 3 1 -1 1 -1 -1 1 1 -1 -1 1 1 -1 1 -1 1 1 1 1 -1 -1 1
-2 -2 0 0 0 0 2 2 2 0 0 0 -2 0 0 0 -2 0 0 0 0 0 2 0
-1 -1 1 -1 1 -1 -1 -3 1 -1 -1 1 1 -1 1 -1 1 1 1 1 -1 -1 -1 1
-1 -1 -1 -1 -1 -1 1 1 1 -1 1 1 -1 -1 1 -3 1 -1 1 1 1 -1 -1 1
-1 -1 -1 1 1 1 1 -1 -1 -1 3 -1 -1 1 -1 1 1 1 1 1 -1 1 -1 1
1 1 1 -1 1 1 1 -1 1 3 1 -1 1 1 1 1 1 1 1 -1 1 -1 -1 -1
0 0 2 0 0 0 0 -2 0 0 0 2 0 0 -2 2 2 0 0 2 0 2 0 0
1 1 -1 -1 -1 1 1 -1 1 3 -1 -1 -1 1 -1 1 1 -1 -1 1 -1 1 1 1
1 -1 -1 -1 1 1 -1 1 -1 -1 -1 1 1 1 1 -1 1 1 -3 -1 1 -1 -1 -1
-1 1 -1 1 -1 1 3 1 1 -1 -1 1 1 1 1 -1 1 -1 -1 -1 1 -1 1 -1
-1 1 1 -1 -1 -1 -1 -1 -1 1 1 -1 1 -1 1 1 1 1 1 3 1 -1 1 -1
0 0 -2 0 0 -2 0 0 0 2 0 0 -2 0 0 2 -2 0 0 -2 -2 0 0 0
2 0 2 0 0 2 0 0 -2 2 0 -2 0 0 -2 -2 0 0 0 0 0 0 0 0
1 -1 1 -1 -1 1 -1 -1 -1 -1 3 1 -1 1 -1 -1 -1 1 1 -1 -1 -1 1 -1
-2 2 -2 0 0 0 0 2 0 0 0 0 0 0 -2 -2 0 0 2 0 0 0 2 0
1 -1 1 -3 1 1 -1 1 -1 -1 -1 -1 1 -1 1 -1 -1 1 1 1 -1 -1 1 -1
0 0 0 0 2 0 2 -2 0 0 0 2 0 0 0 2 0 2 0 -2 0 0 0 2
-1 -1 1 1 1 -1 1 -1 1 -1 1 3 -1 -1 -1 -1 1 -1 -1 -1 -1 -1 1 -1
-1 1 -1 -1 1 -1 -1 -1 1 1 -1 -1 -1 -3 -1 -1 -1 -1 1 -1 1 -1 -1 1
1 1 -1 -1 1 1 -1 -1 -1 -1 1 -1 -1 1 -1 -1 -1 1 -1 -1 1 3 -1 -1
2 -2 0 0 0 0 0 0 0 0 0 0 0 -2 0 -2 0 2 2 -2 0 0 0 2
0 -2 0 0 0 -2 2 2 0 0 0 0 0 0 0 2 2 0 -2 -2 0 0 0 0
0 -2 -2 0 2 0 0 -2 0 2 0 -2 0 0 -2 0 0 0 0 0 0 0 0 -2
-1 1 -1 -1 -1 -1 -1 1 -1 1 1 -1 -3 1 -1 1 1 -1 1 1 1 -1 -1 1
0 0 -2 -2 0 0 0 0 0 0 2 0 2 0 -2 0 2 -2 0 2 0 0 0 0
-1 -1 -1 -1 -1 -1 -3 -1 1 1 -1 1 -1 -1 -1 1 1 -1 -1 1 -1 -1 1 -1
1 1 1 1 1 1 -1 -1 1 -1 -1 -3 1 1 1 -1 1 1 1 -1 -1 -1 1 1
0 0 0 -2 0 0 0 -2 0 0 0 -2 0 0 -2 0 2 2 0 0 2 0 0 2
0 0 0 2 0 2 2 0 -2 2 -2 2 0 0 0 0 0 0 0 0 0 2 0 0
0 0 0 0 -2 0 0 0 0 2 0 0 -2 -2 2 0 0 0 0 0 0 -2 -2 -2
-1 -1 1 1 1 1 1 1 -1 -1 -1 -1 -1 -1 1 -3 1 -1 1 -1 -1 1 1 -1
1 -1 -1 1 1 1 1 1 1 -1 1 1 1 1 1 1 1 -1 3 1 1 -1 -1 -1
0 0 -2 2 2 0 0 0 -2 0 0 0 2 0 0 0 0 0 2 -2 -2 0 0 0
0 0 0 2 0 -2 -2 -2 0 0 0 0 0 0 -2 0 0 2 0 -2 0 -2 0 0
0 0 0 -2 0 -2 0 -2 -2 -2 0 0 0 2 2 0 0 0 0 0 0 0 0 -2
0 2 0 0 0 -2 0 0 -2 -2 -2 0 0 -2 0 2 0 0 0 -2 0 0 0 0
0 0 0 0 0 0 0 2 0 2 -2 0 0 0 -2 0 0 0 -2 0 -2 0 -2 -2
-1 -1 -1 -1 -1 -1 -1 1 -1 1 -1 1 1 1 -1 -1 -1 -3 1 -1 -1 -1 -1 1
-1 1 1 -1 3 1 -1 -1 -1 -1 1 -1 1 1 1 1 -1 1 -1 1 1 -1 -1 1
1 1 -1 -1 1 1 -1 1 -1 3 1 1 1 -1 1 -1 1 1 1 1 -1 1 1 1
0 0 0 0 2 2 0 -2 0 0 0 2 0 2 0 0 0 0 0 0 2 0 2 -2
3 -1 -1 1 -1 1 -1 -1 -1 1 1 1 -1 1 1 -1 1 -1 -1 -1 1 1 1 1
-1 -1 -1 1 -1 -1 1 1 1 -1 1 -1 1 -1 1 -1 -1 -1 -1 -1 1 3 -1 -1
-2 -2 0 0 -2 0 0 2 0 0 0 0 0 0 -2 0 2 2 0 2 0 0 0 0
-1 1 1 -1 -1 -1 1 -1 1 -1 1 -1 1 1 1 1 1 -1 1 1 1 1 -3 1
-1 -1 1 1 -1 1 -1 -1 1 -1 1 1 1 1 -1 -1 1 1 -1 -1 -1 1 -3 -1
2 0 0 -2 2 0 0 0 0 0 -2 2 0 -2 0 0 0 0 0 0 0 2 -2 0
0 0 0 0 -2 -2 0 -2 0 2 0 0 0 0 -2 -2 0 0 0 2 0 0 -2 0
0 0 0 -2 0 0 2 0 0 0 -2 2 0 0 0 2 0 0 0 0 -2 0 2 -2
0 2 2 0 -2 0 0 -2 0 0 0 0 0 2 0 -2 0 0 0 -2 2 0 0 0
-2 0 2 2 0 -2 -2 2 2 0 0 0 0 0 0 0 0 0 -2 0 0 0 0 0
-1 -1 -1 1 1 -1 -1 1 1 1 1 1 -1 -1 1 -1 1 1 1 1 1 1 1 -3
0 2 2 0 2 -2 0 0 0 0 0 0 -2 0 0 0 0 0 0 0 2 2 0 2
-1 1 -1 -1 -1 -1 3 -1 -1 1 -1 -1 1 1 -1 1 -1 1 -1 -1 1 1 -1 -1
-1 -1 1 1 1 -1 1 -1 -1 1 1 1 -1 -1 1 -1 -1 -1 1 -1 -1 1 -3 1
-1 1 -1 -1 1 -1 1 -1 -1 1 -1 1 -1 1 1 1 -1 1 1 3 -1 1 -1 1
0 2 0 0 0 2 0 0 0 0 -2 0 0 0 -2 0 0 2 2 -2 0 0 -2 0
2 0 -2 0 2 0 0 0 0 -2 0 -2 2 -2 0 0 0 0 0 0 2 0 0 0
2 0 0 2 -2 0 0 0 0 0 0 0 2 0 -2 0 0 2 0 0 2 2 0 0
0 0 2 -2 2 0 2 -2 0 0 0 -2 0 0 0 0 0 0 0 0 -2 2 0 0
1 -1 -1 1 -1 1 1 -1 -1 -1 1 1 1 -3 -1 1 1 -1 -1 -1 -1 1 -1 1
2 0 0 0 2 -2 0 -2 0 0 -2 0 0 0 0 0 2 0 -2 0 0 0 2 0
1 1 -1 1 1 -1 1 -1 -1 1 -1 1 -1 -1 -1 1 1 -3 1 1 -1 -1 -1 -1
0 0 2 -2 0 2 -2 0 0 0 0 -2 0 0 0 2 2 -2 0 0 0 0 0 0
-1 -1 -1 -1 1 1 -1 -1 1 1 1 1 -1 -1 1 1 1 -1 -1 1 1 1 -1 3
-1 -3 -1 -1 -1 -1 -1 -1 -1 1 1 -1 -1 1 1 -1 1 1 -1 -1 -1 -1 -1 1
2 0 0 -2 -2 0 2 0 2 0 0 -2 2 0 0 -2 0 0 0 0 0 0 0 0
-1 1 3 1 1 -1 -1 -1 -1 -1 1 -1 -1 1 -1 -1 1 -1 1 1 -1 -1 -1 -1
1 -1 1 -1 1 1 1 1 -1 1 1 1 -3 -1 -1 1 1 -1 1 -1 -1 1 1 1
2 0 0 0 0 -2 0 2 -2 0 0 0 0 0 2 0 0 -2 0 0 2 0 -2 0
1 1 -1 -1 -1 1 -1 -1 1 -1 -1 3 -1 1 1 -1 1 -1 1 -1 -1 -1 -1 -1
-1 1 1 -1 1 -1 1 1 1 1 1 1 1 1 1 -3 -1 -1 -1 -1 -1 1 1 1
1 1 -1 1 -1 1 1 -1 1 1 -1 1 1 1 1 -1 1 1 1 1 1 -1 -1 3
0 -2 0 -2 -2 0 -2 0 0 0 0 0 2 -2 0 0 0 0 0 0 2 0 -2 0
1 -1 1 1 -1 1 -1 -1 1 1 -1 -1 1 -1 1 -1 1 -1 1 1 -1 3 -1 1
-1 -1 -1 1 -1 -1 -1 1 -3 1 -1 -1 -1 -1 -1 -1 -1 1 1 -1 1 1 -1 -1
0 0 2 2 2 2 0 0 0 0 2 0 0 0 0 0 0 -2 -2 0 0 2 0 0
0 2 -2 0 0 0 0 0 -2 -2 0 -2 0 0 0 0 0 0 0 2 -2 -2 0 0
0 0 0 2 0 0 2 0 0 0 0 -2 2 0 -2 0 2 0 0 0 0 -2 -2 0
2 0 0 0 0 0 0 0 2 0 2 -2 0 0 0 2 0 0 0 -2 0 2 0 2
-1 -1 -1 -3 1 -1 1 1 -1 -1 1 -1 -1 -1 1 1 -1 1 1 -1 1 1 -1 1
0 2 0 0 -2 0 2 0 -2 0 0 0 0 -2 0 -2 2 2 0 0 0 0 0 0
-1 -1 -1 -3 -1 1 1 1 -1 1 -1 -1 -1 -1 -1 -1 1 -1 -1 -1 1 -1 1 -1
1 1 -1 -1 1 -1 -1 1 -1 1 1 -1 1 3 1 1 1 -1 -1 -1 -1 -1 1 1
-1 -1 1 1 1 1 -3 -1 -1 1 -1 -1 1 -1 1 -1 -1 -1 -1 -1 -1 -1 -1 -1
0 0 2 -2 0 0 2 2 0 2 -2 0 0 0 0 0 0 2 0 0 0 0 0 2
-2 0 -2 0 0 0 -2 0 0 0 0 -2 0 0 0 2 0 0 -2 -2 2 0 0 0
-2 -2 0 0 2 0 0 2 0 2 0 0 0 0 0 0 0 0 0 0 2 -2 -2 0
0 0 2 0 0 0 0 0 -2 0 2 0 0 0 -2 2 0 0 0 -2 2 0 -2 0
0 0 0 0 0 0 2 0 0 0 0 0 0 0 -2 -2 0 0 -2 2 0 2 2 -2
0 0 0 0 -2 0 0 -2 -2 2 0 0 0 0 0 0 -2 -2 0 0 0 0 2 -2
1 1 1 -1 -3 1 1 1 -1 1 -1 1 1 1 -1 1 1 -1 1 1 1 -1 -1 -1
1 -1 -1 -1 -1 -1 -1 -1 1 1 1 -1 -1 1 1 -1 -1 -1 3 -1 1 1 -1 -1
-1 1 1 -1 1 1 3 -1 -1 1 1 1 -1 1 -1 -1 1 -1 -1 1 1 -1 -1 1
-1 -1 1 1 -1 1 -1 -1 -1 1 -1 1 -1 -1 -1 -1 3 -1 1 -1 1 -1 -1 1
-1 1 1 -1 1 1 -1 -1 1 1 1 1 3 -1 -1 1 -1 -1 1 -1 -1 1 -1 1
0 0 2 -2 0 0 2 0 0 -2 0 0 0 0 0 0 2 0 2 -2 0 -2 0 0
-1 1 1 -1 1 1 1 1 -3 -1 -1 -1 -1 1 -1 1 1 1 1 1 1 1 1 -1
0 -2 0 0 0 0 2 0 0 0 -2 0 0 2 -2 -2 0 0 2 0 2 0 0 0
2 0 0 2 2 0 -2 0 0 2 -2 0 0 0 0 0 0 0 2 0 2 0 0 0
-1 -1 -1 -1 1 1 -1 -1 -1 1 -3 -1 -1 -1 1 1 1 1 1 -1 -1 1 1 1
-3 1 -1 1 1 -1 1 -1 -1 -1 -1 -1 -1 1 1 -1 1 1 1 -1 1 -1 -1 1
-1 -3 1 -1 -1 1 1 -1 -1 1 1 1 1 -1 1 1 -1 1 1 1 -1 1 1 1
-2 0 -2 0 -2 2 0 -2 0 0 0 0 0 2 2 0 0 0 0 0 0 2 0 0
0 0 0 2 -2 2 -2 0 -2 0 0 0 0 0 0 0 0 2 0 0 -2 0 0 2
-1 1 1 -1 -1 -1 -3 1 -1 1 -1 1 1 1 -1 1 1 1 1 -1 1 1 1 1
-1 1 -1 -1 -1 1 1 -1 1 -1 1 1 -1 -1 -1 1 -1 -1 1 -3 1 1 1 -1
-1 1 -1 -1 -1 1 -1 -1 -3 -1 1 1 -1 -1 1 -1 -1 -1 -1 -1 1 -1 -1 1
1 -1 1 1 -1 -1 1 -1 -3 1 -1 -1 1 1 1 1 1 1 1 -1 1 -1 1 1
-1 -1 -1 1 1 1 1 1 -1 -1 1 1 -1 -1 -1 -1 1 1 -1 -1 3 1 1 1
-1 1 -1 -1 -1 -1 1 1 1 -1 -1 -3 -1 1 1 1 1 -1 1 -1 -1 1 1 -1
0 0 -2 2 0 0 0 2 0 0 0 0 -2 0 2 0 0 0 2 0 0 2 0 2
0 0 0 -2 0 0 2 0 0 0 0 2 2 0 2 0 -2 0 0 0 0 -2 -2 0
-1 -1 -1 -1 1 -1 -1 -1 -1 -1 -1 1 1 -1 -1 1 -1 3 -1 1 1 1 1 -1
1 1 -1 -1 -1 -1 -1 -1 -1 -1 -1 1 -1 -1 -1 -1 1 -1 1 1 3 1 1 -1
0 -2 0 0 0 -2 0 0 -2 0 0 2 2 0 0 -2 2 0 0 0 0 2 0 0
0 2 0 2 0 0 0 0 -2 2 0 0 0 2 0 0 -2 0 0 0 0 -2 -2 0
1 -1 1 -1 -1 1 1 1 -1 1 -1 -1 1 -1 1 1 -1 -1 1 -3 -1 1 -1 -1
-2 -2 0 0 0 0 0 0 0 0 0 0 0 2 0 2 0 2 2 -2 0 0 0 -2
0 0 0 -2 0 0 0 0 0 2 2 -2 0 0 0 0 -2 -2 -2 0 0 0 -2 0
-2 2 0 0 0 -2 0 0 0 0 2 0 2 0 0 0 2 0 0 -2 0 0 0 -2
0 0 0 0 0 0 2 -2 0 2 -2 0 0 0 0 -2 0 0 0 -2 -2 -2 0 0
1 1 -1 -1 -1 1 -1 1 1 1 1 1 -1 -1 -1 1 3 1 -1 -1 1 1 -1 -1
0 0 0 2 0 0 2 0 0 2 2 0 0 -2 2 0 0 0 0 -2 0 0 2 0
-1 1 1 3 -1 1 -1 1 -1 -1 -1 -1 1 1 1 1 1 -1 1 -1 1 1 -1 -1
1 -1 1 -1 -1 -3 1 -1 1 -1 1 1 1 -1 -1 1 -1 1 1 -1 -1 1 -1 -1
0 0 2 0 0 0 0 0 -2 0 0 0 2 0 0 0 -2 0 0 2 0 2 -2 -2
-1 -1 1 -1 -1 -1 -1 1 -1 -1 -1 1 -1 -1 1 1 1 -1 3 1 -1 1 -1 -1
2 0 0 -2 0 2 0 2 0 0 2 0 0 0 0 0 0 0 0 0 2 -2 0 2
-1 -1 -1 -1 1 1 1 -1 -1 1 -1 -1 1 -1 1 -3 -1 1 -1 1 1 1 -1 1
-3 -1 1 -1 1 1 1 -1 -1 -1 -1 1 1 -1 1 1 1 -1 -1 -1 1 1 -1 -1
0 0 0 0 -2 0 0 -2 2 0 -2 0 2 0 0 2 2 0 0 -2 0 0 0 0
0 0 -2 -2 0 2 0 2 0 0 0 0 -2 2 0 0 0 2 0 0 -2 0 0 0
0 -2 0 0 -2 0 0 0 0 0 0 0 0 0 -2 2 0 -2 0 0 2 0 2 2
0 0 0 0 0 2 -2 0 0 0 -2 2 2 0 2 2 0 0 0 2 0 0 0 0
2 0 0 0 0 0 0 2 -2 0 0 2 0 0 0 2 -2 2 2 0 0 0 0 0
2 0 0 0 0 -2 0 0 0 0 0 0 -2 2 0 0 2 0 0 0 -2 2 -2 0
0 0 0 0 0 2 0 0 0 2 0 2 0 0 0 2 0 -2 -2 -2 0 -2 0 0
-1 -1 1 -1 -3 1 -1 -1 1 -1 -1 -1 -1 -1 1 -1 -1 -1 1 -1 -1 -1 1 1
-1 -1 1 1 3 1 1 -1 1 -1 -1 -1 -1 -1 -1 1 1 -1 1 1 1 -1 1 1
-2 2 0 0 0 0 0 -2 0 0 -2 2 0 0 0 0 0 -2 0 0 0 0 2 2
0 2 0 0 2 0 0 0 0 0 0 2 0 -2 2 0 2 0 0 0 2 -2 0 0
1 1 -1 1 1 -1 1 -1 1 -1 -1 -1 -1 -1 -3 1 -1 1 -1 1 -1 1 -1 1
0 0 -2 2 0 0 2 -2 0 0 0 0 2 0 0 2 0 0 0 2 0 0 2 0
-1 1 1 1 -1 1 1 -1 -1 -1 1 1 -1 1 -1 1 -3 1 -1 1 1 1 1 1
0 2 0 0 0 -2 0 2 2 2 0 2 0 0 0 0 0 0 2 0 0 0 -2 0
-2 -2 0 0 0 2 0 0 0 -2 0 2 0 2 0 0 0 0 0 0 0 -2 0 2
0 0 0 0 0 2 0 2 0 -2 -2 0 0 -2 0 0 0 -2 0 0 0 -2 -2 0
0 2 0 0 0 0 0 0 2 0 -2 2 0 2 0 0 0 2 -2 0 0 2 0 0
1 -1 -1 1 -1 -1 1 1 1 1 -1 -1 1 -1 -1 1 -3 -1 1 1 1 -1 -1 -1
1 -1 1 -1 -1 -1 -1 1 1 -1 -1 1 1 1 -1 -1 1 1 -1 -1 -3 -1 1 1
0 -2 2 0 0 -2 0 2 0 0 2 0 0 2 0 0 0 0 2 0 0 0 0 2
0 0 2 0 0 2 0 2 2 0 0 2 0 0 0 0 0 2 0 0 0 -2 0 -2
1 1 1 -1 -1 -1 -1 1 -1 -1 1 -1 1 -1 -1 -1 -3 -1 1 -1 1 1 1 1
0 -2 0 0 0 0 0 0 2 0 -2 -2 0 -2 0 0 0 2 -2 0 0 -2 0 0
-2 0 0 0 0 0 0 0 2 2 0 -2 -2 0 0 0 0 2 0 0 0 2 -2 0
-2 0 0 0 0 0 0 2 -2 0 0 0 0 2 0 0 0 0 -2 0 0 2 -2 2
0 0 2 2 0 0 2 2 0 0 0 0 -2 0 0 2 0 0 0 2 0 0 -2 0
0 2 0 0 -2 0 0 0 0 0 0 2 0 -2 -2 0 -2 0 0 0 -2 -2 0 0
-2 2 0 0 0 2 0 0 0 -2 0 -2 0 -2 0 0 0 0 0 0 0 2 0 2
-1 1 1 -1 3 1 -1 1 1 1 -1 -1 1 -1 -1 -1 1 1 -1 -1 1 1 1 -1
-2 -2 0 0 0 0 0 0 0 2 -2 0 2 2 0 0 0 0 -2 0 0 0 2 0
0 2 0 0 -2 0 0 0 0 0 -2 0 -2 0 0 0 -2 -2 0 0 0 2 -2 0
0 0 -2 0 0 0 0 -2 -2 0 0 2 0 2 -2 0 0 0 -2 0 -2 0 0 0
-1 1 1 1 1 -1 1 -1 1 3 -1 1 -1 -1 -1 1 -1 1 -1 1 1 -1 1 -1
1 1 1 -1 1 1 -1 -1 1 -3 -1 1 -1 -1 -1 -1 -1 1 -1 -1 1 -1 1 1
0 0 0 0 -2 0 0 0 2 0 0 2 2 2 0 0 -2 0 2 0 0 0 2 0
-3 1 -1 -1 -1 1 -1 1 1 1 -1 1 1 -1 1 -1 1 1 -1 -1 -1 -1 -1 1
0 2 2 0 0 0 0 2 0 0 2 0 0 0 -2 0 0 2 0 0 -2 2 0 0
1 1 -1 1 1 1 1 -1 -1 -3 -1 1 -1 1 1 1 1 -1 -1 1 1 1 -1 1
3 1 -1 1 -1 -1 1 1 1 -1 -1 1 1 -1 1 1 1 1 -1 1 -1 -1 -1 -1
3 -1 -1 -1 -1 -1 -1 -1 -1 -1 -1 -1 -1 -1 -1 -1 -1 -1 -1 -1 -1 -1 -1 -1
0 2 2 0 0 0 0 0 2 0 -2 0 -2 -2 0 0 2 0 0 0 -2 0 0 0
0 2 0 0 0 0 0 2 0 0 0 0 0 -2 0 0 -2 2 -2 0 2 0 -2 0
0 0 0 0 0 0 0 -2 2 0 -2 -2 0 0 0 0 -2 0 0 0 2 2 2 0
-1 -1 1 1 -1 -1 1 -1 1 -1 -1 -1 -1 1 1 1 1 1 -1 1 -1 1 1 3
0 -2 2 0 -2 0 0 2 -2 0 0 0 0 0 0 0 -2 0 -2 0 0 -2 0 0
0 0 -2 0 2 0 0 0 2 0 -2 2 2 0 -2 0 0 0 0 0 0 -2 0 0
2 2 2 0 0 0 0 0 -2 0 0 2 -2 0 0 0 0 0 -2 0 0 0 0 -2
1 -1 1 1 -1 1 1 1 1 -3 1 -1 1 -1 -1 1 -1 1 1 1 -1 -1 1 1
-2 2 2 0 0 0 0 2 -2 2 0 0 0 -2 0 0 0 -2 0 0 0 0 0 0
-2 0 2 0 0 0 0 0 0 0 2 0 -2 -2 0 0 0 2 0 0 0 -2 0 2
0 0 2 0 0 0 0 0 0 0 0 2 -2 0 0 0 -2 -2 2 0 2 -2 0 0
0 -2 0 0 0 2 0 0 -2 0 0 0 -2 2 0 0 0 -2 0 0 0 0 -2 -2
0 0 0 0 -2 0 0 0 2 0 2 0 0 0 2 0 2 2 2 0 -2 0 0 0
-1 1 -1 1 -1 1 1 1 1 -1 -1 1 1 1 -1 1 1 -1 1 1 -3 1 -1 1
2 0 2 0 0 0 0 2 0 -2 -2 -2 0 0 0 0 0 0 -2 0 0 2 0 0
-1 -1 1 1 1 1 1 1 -1 1 1 1 1 1 -3 1 -1 -1 1 1 -1 -1 1 -1
0 0 0 0 0 -2 0 0 0 0 -2 2 -2 0 0 0 0 0 -2 0 0 -2 -2 2
2 0 0 0 -2 2 0 0 0 -2 0 0 0 0 2 0 -2 0 0 0 2 0 0 -2
1 1 1 1 -1 -1 1 -1 1 1 -1 1 -1 1 3 1 1 -1 1 1 1 1 1 -1
3 1 1 -1 1 -1 -1 1 1 -1 1 1 1 1 1 -1 1 1 1 -1 1 1 1 -1
0 -2 2 0 2 0 0 0 0 0 0 0 -2 2 -2 0 0 2 -2 0 0 0 0 0
0 0 0 0 0 0 0 0 0 0 2 2 -2 2 2 0 0 2 0 0 2 0 -2 0
-1 1 1 1 -3 1 1 1 1 1 -1 -1 1 -1 1 1 -1 1 -1 1 -1 1 1 -1
2 0 0 0 0 -2 0 0 2 -2 -2 0 0 0 0 0 0 -2 2 0 0 0 0 2
-1 1 -1 1 1 -1 1 1 -1 -1 1 1 1 -1 -1 1 -1 -1 1 1 1 -1 -1 3
-1 -1 -1 1 -1 1 1 1 -1 -1 1 -1 1 -1 3 1 1 1 -1 1 1 -1 -1 1
0 -2 0 0 -2 0 0 2 2 0 -2 0 0 2 2 0 0 0 0 0 0 0 -2 0
0 0 0 0 0 0 0 4 0 0 0 0 4 0 0 0 0 0 0 0 0 0 0 0
0 2 0 0 0 0 0 0 -2 0 0 0 2 0 2 0 0 0 -2 0 2 2 2 0
0 0 0 0 2 0 0 0 2 0 2 0 0 0 -2 0 -2 2 2 0 2 0 0 0
0 0 2 0 0 2 0 0 2 -2 0 0 -2 2 0 0 0 0 2 0 0 2 0 0
0 0 -4 0 0 0 0 0 0 0 0 0 0 0 0 0 0 0 0 0 0 0 -4 0
-2 0 0 0 -2 -2 0 0 0 2 0 0 0 0 2 0 -2 0 0 0 2 0 0 2
-2 0 0 0 0 2 0 0 2 2 -2 0 0 0 0 0 0 -2 2 0 0 0 0 -2
-1 1 -1 -1 1 1 -1 1 1 -1 -1 1 1 1 1 -1 -1 -1 1 -1 3 1 -1 1
1 1 1 1 1 -1 1 1 -1 -1 1 -1 1 -1 1 1 3 -1 1 1 -1 1 1 1
1 -1 1 1 1 -1 1 1 1 -1 -1 1 1 1 1 1 -1 1 -1 1 3 -1 1 1
0 0 2 0 2 0 0 2 0 0 -2 2 0 2 0 0 2 -2 0 0 0 0 0 0
0 0 0 0 -2 0 0 -2 0 0 0 2 0 0 2 0 0 2 -2 0 0 -2 2 0
1 1 1 1 -1 -3 1 1 -1 1 -1 1 1 1 -1 1 -1 -1 -1 1 -1 1 1 1
-1 -1 1 -1 1 -1 -1 1 -1 -1 -1 -1 1 -1 1 -1 1 -1 -1 -1 1 -1 1 3
0 2 -2 0 0 2 0 0 0 -2 2 2 2 0 0 0 0 2 0 0 0 0 0 0
-1 -1 -1 1 1 3 1 1 1 -1 -1 -1 1 1 -1 1 -1 1 -1 1 1 1 -1 -1
1 -1 1 1 1 1 1 1 -1 1 -1 -1 1 -1 1 1 1 -1 -1 1 1 -1 1 -3
-1 1 1 1 -1 3 1 -1 -1 -1 1 1 -1 -1 1 1 1 -1 1 1 -1 -1 1 -1
-1 1 1 -1 -1 3 -1 1 -1 -1 -1 1 1 1 -1 -1 -1 -1 -1 -1 -1 1 1 -1
-1 1 -1 1 1 1 -3 1 1 1 1 -1 1 1 -1 1 1 1 1 1 -1 -1 -1 -1
1 1 1 1 1 1 1 -1 -1 1 -1 -1 1 -3 1 1 -1 1 1 1 -1 -1 -1 1
1 -1 -1 -1 -1 1 -1 -1 -1 -1 1 1 -1 -1 1 -1 1 1 -1 3 -1 1 -1 -1
0 0 0 0 2 -2 0 0 0 -2 0 0 2 0 0 0 0 -2 -2 0 -2 0 -2 0
0 0 2 0 -2 0 0 0 0 2 2 0 2 0 0 0 2 0 -2 0 0 0 0 2
1 1 -1 1 1 -1 1 -1 -1 1 1 -1 1 1 1 -3 1 -1 1 1 1 -1 1 -1
-2 0 0 0 -2 0 0 -2 -2 -2 0 0 2 0 -2 0 0 0 2 0 0 0 0 0
0 2 0 2 0 0 -2 0 0 0 0 2 0 -2 0 -2 0 0 0 -2 0 2 0 0
-1 1 1 -1 -1 -1 1 1 1 -1 -1 1 1 -1 -3 -1 1 -1 -1 -1 1 1 -1 1
-2 0 0 2 0 0 0 0 0 0 2 0 2 -2 0 -2 0 0 0 2 -2 0 0 0
0 -2 0 0 0 0 2 0 -2 -2 -2 0 0 0 0 0 0 2 0 0 -2 0 -2 0
1 -1 1 1 -1 -1 -1 1 -1 1 -1 1 -1 -3 1 1 1 1 -1 1 1 1 1 1
-1 -1 1 1 -1 -1 -1 -1 -1 -1 1 1 1 1 1 1 -1 -1 -1 -3 -1 1 1 1
0 0 0 2 2 0 0 0 2 0 0 0 0 -2 0 2 0 0 0 -2 0 0 -2 -2
-1 1 -1 1 -1 -1 1 1 1 -1 1 -1 -1 -3 -1 1 1 -1 -1 1 1 -1 1 -1
0 2 0 0 2 0 -2 2 0 0 -2 0 0 0 0 0 -2 0 0 0 -2 0 0 2
1 1 -1 3 -1 1 1 -1 -1 -1 -1 -1 -1 -1 -1 -1 -1 -1 1 -1 1 -1 1 1
-2 0 0 0 0 -2 0 2 -2 0 0 0 0 0 2 0 0 2 0 0 -2 0 2 0
1 -1 -1 1 -1 1 -1 1 1 -1 1 -1 -1 1 -1 1 1 -1 -3 1 -1 -1 -1 1
0 2 2 0 0 -2 2 0 0 0 0 -2 0 0 2 0 0 0 -2 0 0 -2 0 0
-2 0 2 0 0 0 0 -2 2 0 2 0 0 0 2 0 -2 0 0 0 0 0 0 -2
-1 1 1 1 -1 1 1 1 1 -1 -1 -1 -1 1 -1 -3 -1 1 -1 1 -1 -1 -1 1
0 -4 0 4 0 0 0 0 0 0 0 0 0 0 0 0 0 0 0 0 0 0 0 0
0 0 -2 0 0 2 0 0 0 0 2 0 0 0 0 0 -2 -2 0 0 -2 0 2 2
0 0 0 2 0 0 0 2 0 2 0 0 0 2 0 -2 2 2 0 -2 0 0 0 0
1 1 -1 1 -1 1 1 -1 -1 -1 1 -1 -1 1 1 1 1 1 -1 -3 -1 -1 -1 -1
1 -1 1 1 1 -1 -1 -1 1 -1 -1 1 -1 1 1 -3 -1 -1 -1 1 1 1 -1 -1
1 1 1 1 -1 -1 -3 -1 -1 -1 -1 -1 -1 1 1 1 -1 -1 -1 1 1 -1 1 1
1 1 1 -1 -1 3 1 -1 1 1 1 1 -1 -1 1 -1 -1 1 -1 -1 -1 1 -1 1
-2 2 0 0 -2 0 -2 0 0 -2 0 0 -2 0 0 0 0 2 0 0 0 0 0 -2
1 1 -3 -1 1 -1 1 1 -1 -1 1 1 -1 -1 1 -1 1 -1 -1 -1 -1 1 1 -1
2 2 0 0 0 0 -2 -2 -2 0 0 0 2 0 0 0 2 0 0 0 0 0 -2 0
1 1 -1 1 -1 1 1 3 -1 1 1 -1 -1 1 -1 1 -1 -1 -1 -1 1 1 1 -1
1 1 1 1 1 1 -1 -1 -1 1 -1 -1 1 1 -1 3 -1 1 -1 -1 -1 1 1 -1
1 1 1 -1 -1 -1 -1 1 1 1 -3 1 1 -1 1 -1 -1 -1 -1 -1 1 -1 1 -1
-1 -1 -1 1 -1 -1 -1 1 -1 -3 -1 1 -1 -1 -1 -1 -1 -1 -1 1 -1 1 1 1
0 0 -2 0 0 0 0 2 0 0 0 -2 0 0 2 -2 -2 0 0 -2 0 -2 0 0
-1 -1 1 1 1 -1 -1 1 -1 -3 1 1 1 -1 1 -1 -1 1 1 -1 1 -1 -1 -1
-1 1 1 1 -1 -1 1 -1 1 1 1 -1 -1 -1 -1 1 -1 -1 3 1 -1 1 1 1
1 -1 1 -1 1 -1 -3 -1 -1 1 1 -1 -1 -1 -1 1 -1 1 1 1 -1 1 -1 1
1 -1 -1 1 1 1 1 1 1 -1 -1 1 -1 1 -1 -1 -1 -1 -1 -3 -1 1 -1 1
0 0 2 0 0 2 0 0 0 -2 0 0 2 0 0 -2 2 0 0 2 2 0 0 0
-2 0 -2 0 0 -2 0 0 2 -2 0 2 0 0 2 2 0 0 0 0 0 0 0 0
-1 1 -1 1 1 -1 1 1 1 1 -3 -1 1 -1 1 1 1 -1 -1 1 1 1 -1 1
2 -2 2 0 0 0 0 -2 0 0 0 0 0 0 2 2 0 0 -2 0 0 0 -2 0
-1 1 -1 3 -1 -1 1 -1 1 1 1 1 -1 1 -1 1 1 -1 -1 -1 1 1 -1 1
0 0 0 0 -2 0 -2 2 0 0 0 -2 0 0 0 -2 0 -2 0 2 0 0 0 -2
1 1 -1 -1 -1 1 -1 1 -1 1 -1 -3 1 1 1 1 -1 1 1 1 1 1 -1 1
1 -1 1 1 -1 1 1 1 -1 -1 1 1 1 3 1 1 1 1 -1 1 -1 1 1 -1
-1 -1 1 1 -1 -1 1 1 1 1 -1 1 1 -1 1 1 1 -1 1 1 -1 -3 1 1
-2 2 0 0 0 0 0 0 0 0 0 0 0 2 0 2 0 -2 -2 2 0 0 0 -2
0 2 0 0 0 2 -2 -2 0 0 0 0 0 0 0 -2 -2 0 2 2 0 0 0 0
0 2 2 0 -2 0 0 2 0 -2 0 2 0 0 2 0 0 0 0 0 0 0 0 2
1 -1 1 1 1 1 1 -1 1 -1 -1 1 3 -1 1 -1 -1 1 -1 -1 -1 1 1 -1
0 0 2 2 0 0 0 0 0 0 -2 0 -2 0 2 0 -2 2 0 -2 0 0 0 0
1 1 1 1 1 1 3 1 -1 -1 1 -1 1 1 1 -1 -1 1 1 -1 1 1 -1 1
-1 -1 -1 -1 -1 -1 1 1 -1 1 1 3 -1 -1 -1 1 -1 -1 -1 1 1 1 -1 -1
0 0 0 2 0 0 0 2 0 0 0 2 0 0 2 0 -2 -2 0 0 -2 0 0 -2
0 0 0 -2 0 -2 -2 0 2 -2 2 -2 0 0 0 0 0 0 0 0 0 -2 0 0
0 0 0 0 2 0 0 0 0 -2 0 0 2 2 -2 0 0 0 0 0 0 2 2 2
1 1 -1 -1 -1 -1 -1 -1 1 1 1 1 1 1 -1 3 -1 1 -1 1 1 -1 -1 1
-1 1 1 -1 -1 -1 -1 -1 -1 1 -1 -1 -1 -1 -1 -1 -1 1 -3 -1 -1 1 1 1
0 0 2 -2 -2 0 0 0 2 0 0 0 -2 0 0 0 0 0 -2 2 2 0 0 0
0 0 0 -2 0 2 2 2 0 0 0 0 0 0 2 0 0 -2 0 2 0 2 0 0
0 0 0 2 0 2 0 2 2 2 0 0 0 -2 -2 0 0 0 0 0 0 0 0 2
0 -2 0 0 0 2 0 0 2 2 2 0 0 2 0 -2 0 0 0 2 0 0 0 0
0 0 0 0 0 0 0 -2 0 -2 2 0 0 0 2 0 0 0 2 0 2 0 2 2
1 1 1 1 1 1 1 -1 1 -1 1 -1 -1 -1 1 1 1 3 -1 1 1 1 1 -1
1 -1 -1 1 -3 -1 1 1 1 1 -1 1 -1 -1 -1 -1 1 -1 1 -1 -1 1 1 -1
-1 -1 1 1 -1 -1 1 -1 1 -3 -1 -1 -1 1 -1 1 -1 -1 -1 -1 1 -1 -1 -1
0 0 0 0 -2 -2 0 2 0 0 0 -2 0 -2 0 0 0 0 0 0 -2 0 -2 2
-3 1 1 -1 1 -1 1 1 1 -1 -1 -1 1 -1 -1 1 -1 1 1 1 -1 -1 -1 -1
1 1 1 -1 1 1 -1 -1 -1 1 -1 1 -1 1 -1 1 1 1 1 1 -1 -3 1 1
2 2 0 0 2 0 0 -2 0 0 0 0 0 0 2 0 -2 -2 0 -2 0 0 0 0
1 -1 -1 1 1 1 -1 1 -1 1 -1 1 -1 -1 -1 -1 -1 1 -1 -1 -1 -1 3 -1
1 1 -1 -1 1 -1 1 1 -1 1 -1 -1 -1 -1 1 1 -1 -1 1 1 1 -1 3 1
-2 0 0 2 -2 0 0 0 0 0 2 -2 0 2 0 0 0 0 0 0 0 -2 2 0
0 0 0 0 2 2 0 2 0 -2 0 0 0 0 2 2 0 0 0 -2 0 0 2 0
0 0 0 2 0 0 -2 0 0 0 2 -2 0 0 0 -2 0 0 0 0 2 0 -2 2
0 -2 -2 0 2 0 0 2 0 0 0 0 0 -2 0 2 0 0 0 2 -2 0 0 0
2 0 -2 -2 0 2 2 -2 -2 0 0 0 0 0 0 0 0 0 2 0 0 0 0 0
1 1 1 -1 -1 1 1 -1 -1 -1 -1 -1 1 1 -1 1 -1 -1 -1 -1 -1 -1 -1 3
0 -2 -2 0 -2 2 0 0 0 0 0 0 2 0 0 0 0 0 0 0 -2 -2 0 -2
1 -1 1 1 1 1 -3 1 1 -1 1 1 -1 -1 1 -1 1 -1 1 1 -1 -1 1 1
1 1 -1 -1 -1 1 -1 1 1 -1 -1 -1 1 1 -1 1 1 1 -1 1 1 -1 3 -1
1 -1 1 1 -1 1 -1 1 1 -1 1 -1 1 -1 -1 -1 1 -1 -1 -3 1 -1 1 -1
0 -2 0 0 0 -2 0 0 0 0 2 0 0 0 2 0 0 -2 -2 2 0 0 2 0
-2 0 2 0 -2 0 0 0 0 2 0 2 -2 2 0 0 0 0 0 0 -2 0 0 0
-2 0 0 -2 2 0 0 0 0 0 0 0 -2 0 2 0 0 -2 0 0 -2 -2 0 0
0 0 -2 2 -2 0 -2 2 0 0 0 2 0 0 0 0 0 0 0 0 2 -2 0 0
-1 1 1 -1 1 -1 -1 1 1 1 -1 -1 -1 3 1 -1 -1 1 1 1 1 -1 1 -1
-2 0 0 0 -2 2 0 2 0 0 2 0 0 0 0 0 -2 0 2 0 0 0 -2 0
-1 -1 1 -1 -1 1 -1 1 1 -1 1 -1 1 1 1 -1 -1 3 -1 -1 1 1 1 1
0 0 -2 2 0 -2 2 0 0 0 0 2 0 0 0 -2 -2 2 0 0 0 0 0 0
1 1 1 1 -1 -1 1 1 -1 -1 -1 -1 1 1 -1 -1 -1 1 1 -1 -1 -1 1 -3
1 3 1 1 1 1 1 1 1 -1 -1 1 1 -1 -1 1 -1 -1 1 1 1 1 1 -1
-2 0 0 2 2 0 -2 0 -2 0 0 2 -2 0 0 2 0 0 0 0 0 0 0 0
1 -1 -3 -1 -1 1 1 1 1 1 -1 1 1 -1 1 1 -1 1 -1 -1 1 1 1 1
-1 1 -1 1 -1 -1 -1 -1 1 -1 -1 -1 3 1 1 -1 -1 1 -1 1 1 -1 -1 -1
-2 0 0 0 0 2 0 -2 2 0 0 0 0 0 -2 0 0 2 0 0 -2 0 2 0
-1 -1 1 1 1 -1 1 1 -1 1 1 -3 1 -1 -1 1 -1 1 -1 1 1 1 1 1
1 -1 -1 1 -1 1 -1 -1 -1 -1 -1 -1 -1 -1 -1 3 1 1 1 1 1 -1 -1 -1
-1 -1 1 -1 1 -1 -1 1 -1 -1 1 -1 -1 -1 -1 1 -1 -1 -1 -1 -1 1 1 -3
0 2 0 2 2 0 2 0 0 0 0 0 -2 2 0 0 0 0 0 0 -2 0 2 0
-1 1 -1 -1 1 -1 1 1 -1 -1 1 1 -1 1 -1 1 -1 1 -1 -1 1 -3 1 -1
1 1 1 -1 1 1 1 -1 3 -1 1 1 1 1 1 1 1 -1 -1 1 -1 -1 1 1
0 0 -2 -2 -2 -2 0 0 0 0 -2 0 0 0 0 0 0 2 2 0 0 -2 0 0
0 -2 2 0 0 0 0 0 2 2 0 2 0 0 0 0 0 0 0 -2 2 2 0 0
0 0 0 -2 0 0 -2 0 0 0 0 2 -2 0 2 0 -2 0 0 0 0 2 2 0
-2 0 0 0 0 0 0 0 -2 0 -2 2 0 0 0 -2 0 0 0 2 0 -2 0 -2
1 1 1 3 -1 1 -1 -1 1 1 -1 1 1 1 -1 -1 1 -1 -1 1 -1 -1 1 -1
0 -2 0 0 2 0 -2 0 2 0 0 0 0 2 0 2 -2 -2 0 0 0 0 0 0
1 1 1 3 1 -1 -1 -1 1 -1 1 1 1 1 1 1 -1 1 1 1 -1 1 -1 1
-1 -1 1 1 -1 1 1 -1 1 -1 -1 1 -1 -3 -1 -1 -1 1 1 1 1 1 -1 -1
1 1 -1 -1 -1 -1 3 1 1 -1 1 1 -1 1 -1 1 1 1 1 1 1 1 1 1
0 0 -2 2 0 0 -2 -2 0 -2 2 0 0 0 0 0 0 -2 0 0 0 0 0 -2
2 0 2 0 0 0 2 0 0 0 0 2 0 0 0 -2 0 0 2 2 -2 0 0 0
2 2 0 0 -2 0 0 -2 0 -2 0 0 0 0 0 0 0 0 0 0 -2 2 2 0
0 0 -2 0 0 0 0 0 2 0 -2 0 0 0 2 -2 0 0 0 2 -2 0 2 0
0 0 0 0 0 0 -2 0 0 0 0 0 0 0 2 2 0 0 2 -2 0 -2 -2 2
0 0 0 0 2 0 0 2 2 -2 0 0 0 0 0 0 2 2 0 0 0 0 -2 2
-1 -1 -1 1 3 -1 -1 -1 1 -1 1 -1 -1 -1 1 -1 -1 1 -1 -1 -1 1 1 1
-1 1 1 1 1 1 1 1 -1 -1 -1 1 1 -1 -1 1 1 1 -3 1 -1 -1 1 1
1 -1 -1 1 -1 -1 -3 1 1 -1 -1 -1 1 -1 1 1 -1 1 1 -1 -1 1 1 -1
1 1 -1 -1 1 -1 1 1 1 -1 1 -1 1 1 1 1 -3 1 -1 1 -1 1 1 -1
1 -1 -1 1 -1 -1 1 1 -1 -1 -1 -1 -3 1 1 -1 1 1 -1 1 1 -1 1 -1
0 0 -2 2 0 0 -2 0 0 2 0 0 0 0 0 0 -2 0 -2 2 0 2 0 0
1 -1 -1 1 -1 -1 -1 -1 3 1 1 1 1 -1 1 -1 -1 -1 -1 -1 -1 -1 -1 1
0 2 0 0 0 0 -2 0 0 0 2 0 0 -2 2 2 0 0 -2 0 -2 0 0 0
-2 0 0 -2 -2 0 2 0 0 -2 2 0 0 0 0 0 0 0 -2 0 -2 0 0 0
1 1 1 1 -1 -1 1 1 1 -1 3 1 1 1 -1 -1 -1 -1 -1 1 1 -1 -1 -1
3 -1 1 -1 -1 1 -1 1 1 1 1 1 1 -1 -1 1 -1 -1 -1 1 -1 1 1 -1
1 3 -1 1 1 -1 -1 1 1 -1 -1 -1 -1 1 -1 -1 1 -1 -1 -1 1 -1 -1 -1
2 0 2 0 2 -2 0 2 0 0 0 0 0 -2 -2 0 0 0 0 0 0 -2 0 0
0 0 0 -2 2 -2 2 0 2 0 0 0 0 0 0 0 0 -2 0 0 2 0 0 -2
1 -1 -1 1 1 1 3 -1 1 -1 1 -1 -1 -1 1 -1 -1 -1 -1 1 -1 -1 -1 -1
1 -1 1 1 1 -1 -1 1 -1 1 -1 -1 1 1 1 -1 1 1 -1 3 -1 -1 -1 1
1 -1 1 1 1 -1 1 1 3 1 -1 -1 1 1 -1 1 1 1 1 1 -1 1 1 -1
-1 1 -1 -1 1 1 -1 1 3 -1 1 1 -1 -1 -1 -1 -1 -1 -1 1 -1 1 -1 -1
1 1 1 -1 -1 -1 -1 -1 1 1 -1 -1 1 1 1 1 -1 -1 1 1 -3 -1 -1 -1
1 -1 1 1 1 1 -1 -1 -1 1 1 3 1 -1 -1 -1 -1 1 -1 1 1 -1 -1 1
0 0 2 -2 0 0 0 -2 0 0 0 0 2 0 -2 0 0 0 -2 0 0 -2 0 -2
0 0 0 2 0 0 -2 0 0 0 0 -2 -2 0 -2 0 2 0 0 0 0 2 2 0
1 1 1 1 -1 1 1 1 1 1 1 -1 -1 1 1 -1 1 -3 1 -1 -1 -1 -1 1
-1 -1 1 1 1 1 1 1 1 1 1 -1 1 1 1 1 -1 1 -1 -1 -3 -1 -1 1
0 2 0 0 0 2 0 0 2 0 0 -2 -2 0 0 2 -2 0 0 0 0 -2 0 0
0 -2 0 -2 0 0 0 0 2 -2 0 0 0 -2 0 0 2 0 0 0 0 2 2 0
-1 1 -1 1 1 -1 -1 -1 1 -1 1 1 -1 1 -1 -1 1 1 -1 3 1 -1 1 1
2 2 0 0 0 0 0 0 0 0 0 0 0 -2 0 -2 0 -2 -2 2 0 0 0 2
0 0 0 2 0 0 0 0 0 -2 -2 2 0 0 0 0 2 2 2 0 0 0 2 0
2 -2 0 0 0 2 0 0 0 0 -2 0 -2 0 0 0 -2 0 0 2 0 0 0 2
0 0 0 0 0 0 -2 2 0 -2 2 0 0 0 0 2 0 0 0 2 2 2 0 0
-1 -1 1 1 1 -1 1 -1 -1 -1 -1 -1 1 1 1 -1 -3 -1 1 1 -1 -1 1 1
0 0 0 -2 0 0 -2 0 0 -2 -2 0 0 2 -2 0 0 0 0 2 0 0 -2 0
1 -1 -1 -3 1 -1 1 -1 1 1 1 1 -1 -1 -1 -1 -1 1 -1 1 -1 -1 1 1
-1 1 -1 1 1 3 -1 1 -1 1 -1 -1 -1 1 1 -1 1 -1 -1 1 1 -1 1 1
0 0 -2 0 0 0 0 0 2 0 0 0 -2 0 0 0 2 0 0 -2 0 -2 2 2
1 1 -1 1 1 1 1 -1 1 1 1 -1 1 1 -1 -1 -1 1 -3 -1 1 -1 1 1
-2 0 0 2 0 -2 0 -2 0 0 -2 0 0 0 0 0 0 0 0 0 -2 2 0 -2
1 1 1 1 -1 -1 -1 1 1 -1 1 1 -1 1 -1 3 1 -1 1 -1 -1 -1 1 -1
3 1 -1 1 -1 -1 -1 1 1 1 1 -1 -1 1 -1 -1 -1 1 1 1 -1 -1 1 1
0 0 0 0 2 0 0 2 -2 0 2 0 -2 0 0 -2 -2 0 0 2 0 0 0 0
0 0 2 2 0 -2 0 -2 0 0 0 0 2 -2 0 0 0 -2 0 0 2 0 0 0
0 2 0 0 2 0 0 0 0 0 0 0 0 0 2 -2 0 2 0 0 -2 0 -2 -2
0 0 0 0 0 -2 2 0 0 0 2 -2 -2 0 -2 -2 0 0 0 -2 0 0 0 0
-2 0 0 0 0 0 0 -2 2 0 0 -2 0 0 0 -2 2 -2 -2 0 0 0 0 0
-2 0 0 0 0 2 0 0 0 0 0 0 2 -2 0 0 -2 0 0 0 2 -2 2 0
0 0 0 0 0 -2 0 0 0 -2 0 -2 0 0 0 -2 0 2 2 2 0 2 0 0
