# S_1 of the dimension-27 configuration of Ma et al. (set 1 of their 5), |S| = 496,
#   in the coordinates described in the accompanying note.
# source: data/external/PackingStar/25D-31D/25D-31D_new_bounds_configurations/27D_200044_coordinates.npy
#   (sha256 b7dcb05ea2c90438c8e20a9e2425a12b8d3d798ac3fed70b0192a4c06fee6d89);
#   recovered from the 200044 unit vectors of that file by undoing the lift: the rows with
#   both a nonzero R^24 part and a nonzero R^3 part are (x*sqrt(2/3), y*sqrt(4/3))/2, and
#   this set is the x's sharing one direction y.  Ma et al.'s families are nested, so the
#   same 496-element set also appears in their 25D, 29D, 30D and 31D configurations.
# coordinate map: ours[perm[i]] = theirs[i], perm = [0, 1, 2, 3, 4, 5, 15, 20, 6, 19, 16, 12, 8, 18, 22, 23, 11, 9, 13, 10, 14, 7, 21, 17]
# scaling: coordinates scaled by sqrt(8), so every vector has squared norm 32 and two are at
#   60 degrees exactly when their inner product is 16; the set is 60-degree-free, i.e. every
#   off-diagonal Gram entry is at most 8.  Rows sorted lexicographically.
-3 -1 -1 -1 -1 1 -1 -1 1 1 1 -1 -1 -1 -1 -1 -1 1 1 -1 -1 -1 -1 1
-3 -1 1 -1 -1 -1 1 1 -1 -1 1 -1 -1 1 -1 -1 -1 -1 -1 -1 1 -1 1 -1
-3 -1 1 -1 -1 1 1 1 1 -1 -1 1 1 -1 -1 1 1 -1 -1 1 -1 -1 -1 1
-3 -1 1 -1 1 -1 1 -1 -1 1 -1 1 1 1 1 1 -1 -1 1 1 1 1 1 1
-3 1 -1 -1 1 1 1 -1 1 1 1 1 -1 1 -1 1 1 1 -1 1 1 -1 1 -1
-3 1 -1 -1 1 1 1 1 1 -1 -1 -1 -1 -1 1 -1 -1 -1 1 1 -1 1 1 -1
-3 1 -1 1 -1 1 -1 -1 -1 -1 -1 1 1 -1 1 -1 1 -1 1 -1 1 1 -1 1
-3 1 1 1 1 -1 1 -1 -1 -1 -1 -1 1 -1 1 1 1 1 -1 -1 -1 -1 1 -1
-2 -2 -2 -2 0 -2 0 0 0 0 0 0 0 0 2 0 0 2 0 0 0 0 0 -2
-2 -2 0 -2 2 2 -2 0 0 0 0 0 0 0 0 0 2 0 0 0 0 2 0 0
-2 -2 0 0 0 0 0 0 -2 0 -2 0 2 0 -2 -2 0 2 0 0 0 0 0 0
-2 -2 0 2 0 0 0 0 0 0 -2 0 0 0 2 0 -2 0 0 0 -2 0 -2 0
-2 -2 0 2 0 0 0 0 0 0 0 0 -2 0 0 -2 0 0 0 0 0 2 2 2
-2 -2 0 2 0 0 0 2 0 -2 0 0 0 0 0 0 2 0 2 0 0 0 0 -2
-2 -2 2 0 0 0 0 0 0 0 2 2 0 -2 2 0 0 0 0 -2 0 0 0 0
-2 0 -2 0 0 0 0 0 -2 0 0 0 0 0 -2 0 0 -2 -2 2 0 2 0 0
-2 0 0 -2 0 0 -2 0 0 0 0 0 0 2 0 2 -2 0 -2 0 0 0 -2 0
-2 0 0 -2 0 0 0 0 -2 0 0 0 0 0 2 -2 0 0 -2 0 -2 0 0 2
-2 0 0 -2 0 0 0 0 -2 0 2 0 2 0 0 0 2 0 2 0 0 -2 0 0
-2 0 0 0 -2 -2 -2 2 0 0 0 0 2 0 0 0 0 0 0 -2 -2 0 0 0
-2 0 0 0 -2 0 0 0 0 2 0 2 0 0 0 -2 0 0 -2 0 0 0 -2 -2
-2 0 0 0 0 0 -2 0 0 0 0 -2 2 2 0 0 0 0 0 2 0 0 2 -2
-2 0 0 0 0 0 -2 0 2 0 0 0 -2 -2 0 0 0 -2 -2 0 2 0 0 0
-2 0 0 0 0 0 0 0 -2 -2 0 2 -2 0 0 0 0 2 0 0 0 -2 -2 0
-2 0 0 0 0 0 0 0 2 0 2 -2 0 0 0 2 0 0 0 -2 0 2 0 -2
-2 0 0 0 2 -2 -2 0 -2 2 0 0 0 -2 0 0 0 0 0 0 0 0 -2 0
-2 0 0 0 2 -2 0 0 0 0 0 2 0 2 0 -2 2 0 0 -2 0 0 0 0
-2 0 0 2 0 -2 0 0 0 0 0 0 0 0 0 0 -2 2 2 -2 2 0 0 0
-2 0 0 2 0 0 0 -2 0 0 2 0 0 2 2 0 0 -2 -2 0 0 0 0 0
-2 0 0 2 0 0 0 0 0 2 -2 -2 -2 0 -2 0 0 0 0 0 0 0 0 -2
-2 0 0 2 0 0 2 2 0 2 0 0 2 -2 0 0 0 0 0 0 0 2 0 0
-2 0 2 -2 0 0 0 0 0 0 -2 0 0 0 0 0 0 0 2 -2 0 0 -2 -2
-2 0 2 0 0 0 0 -2 2 0 0 0 2 0 0 -2 0 0 0 0 -2 2 0 0
-2 0 2 0 2 0 0 2 0 0 0 0 0 0 0 0 0 2 2 0 -2 0 0 2
-2 0 2 2 -2 0 -2 0 0 0 0 0 0 -2 0 0 0 2 0 2 0 0 0 0
-2 2 0 -2 0 0 0 0 0 0 0 2 2 -2 0 0 -2 2 0 0 0 0 0 0
-2 2 0 -2 2 0 0 0 0 0 0 -2 0 0 0 0 0 0 0 -2 2 0 0 2
-2 2 0 0 -2 2 0 0 0 0 -2 0 0 2 0 0 0 2 0 0 -2 0 0 0
-2 2 0 2 0 0 0 0 0 0 2 0 0 0 -2 0 2 0 0 0 -2 0 -2 0
-2 2 0 2 0 0 0 2 2 0 0 2 0 0 2 0 0 0 0 0 0 -2 0 0
-2 2 2 0 0 0 0 0 0 2 0 0 -2 0 2 0 2 0 0 0 0 2 0 0
-1 -3 -1 1 -1 -1 1 -1 1 1 1 1 1 -1 -1 1 1 1 1 1 1 -1 1 1
-1 -3 1 1 1 1 -1 -1 -1 1 1 -1 1 1 -1 1 -1 -1 1 -1 1 -1 -1 -1
-1 -1 -3 -1 -1 1 1 -1 1 -1 1 1 -1 -1 1 1 1 -1 -1 -1 -1 1 1 1
-1 -1 -1 -3 -1 -1 -1 1 1 -1 1 -1 1 -1 -1 1 -1 -1 1 1 1 1 1 1
-1 -1 -1 -1 -1 1 -1 -1 -1 -1 -1 1 -1 -1 1 1 1 -1 1 3 1 -1 1 -1
-1 -1 -1 -1 -1 1 -1 1 3 1 -1 -1 1 1 1 1 1 1 -1 -1 1 -1 1 1
-1 -1 -1 -1 -1 1 1 1 -1 1 -1 -1 1 1 -1 3 1 1 1 1 1 1 -1 -1
-1 -1 -1 -1 1 -1 -1 1 1 1 -1 -1 -1 -1 -1 -1 1 1 -1 3 -1 -1 1 1
-1 -1 -1 -1 1 -1 1 -1 1 -1 1 -1 -1 -1 -1 1 1 1 -1 1 1 1 -3 1
-1 -1 -1 -1 1 -1 1 1 1 1 1 1 1 1 -1 1 1 -1 1 1 -3 1 1 -1
-1 -1 -1 -1 1 -1 1 3 -1 -1 -1 1 1 -1 1 -1 -1 -1 1 -1 1 -1 -1 1
-1 -1 -1 -1 1 1 -1 -1 -1 -1 -1 1 1 1 1 1 -1 1 1 -3 -1 -1 1 1
-1 -1 -1 -1 1 1 -1 1 1 -1 -1 -1 -1 1 -1 -1 -1 1 1 1 3 -1 -1 -1
-1 -1 -1 -1 1 1 1 1 -1 -1 3 1 -1 1 1 1 -1 -1 1 1 1 1 -1 -1
-1 -1 -1 -1 1 1 1 1 1 -1 -1 -1 -1 1 -3 1 -1 1 -1 -1 -1 1 1 1
-1 -1 -1 1 -3 -1 1 1 1 -1 1 -1 -1 1 1 -1 1 1 -1 1 -1 -1 -1 1
-1 -1 -1 1 -1 -1 -1 -3 -1 -1 1 1 1 -1 -1 1 -1 1 -1 -1 -1 1 -1 -1
-1 -1 -1 1 -1 -1 -1 -1 1 -1 -1 -3 1 1 -1 -1 -1 -1 -1 -1 1 1 -1 1
-1 -1 -1 1 -1 -1 1 1 1 -1 -1 1 -1 -3 -1 -1 -1 1 -1 -1 -1 -1 1 -1
-1 -1 -1 1 -1 -1 3 -1 -1 1 1 -1 -1 1 -1 1 -1 -1 1 -1 -1 1 -1 1
-1 -1 -1 1 -1 1 1 -3 1 -1 -1 -1 -1 1 1 1 1 1 1 -1 1 -1 -1 -1
-1 -1 -1 1 -1 1 1 1 -1 3 -1 1 -1 1 1 1 1 -1 -1 1 -1 -1 1 1
-1 -1 -1 1 -1 1 1 1 1 -1 1 3 1 1 -1 -1 -1 1 1 -1 -1 1 -1 1
-1 -1 -1 1 -1 3 -1 1 -1 -1 -1 -1 -1 1 1 1 -1 -1 -1 -1 1 1 1 -1
-1 -1 -1 1 1 -1 -1 -1 1 1 -1 1 3 -1 1 -1 -1 -1 -1 -1 1 -1 1 -1
-1 -1 -1 1 1 -1 -1 1 -1 -1 -1 3 1 -1 1 1 1 1 -1 1 -1 1 1 1
-1 -1 -1 1 1 -1 1 -1 1 1 1 1 -3 -1 1 -1 1 -1 1 1 -1 -1 -1 -1
-1 -1 -1 1 1 1 -1 -1 -1 1 1 1 1 -1 1 -1 -1 1 3 1 -1 1 1 -1
-1 -1 -1 1 1 1 1 -1 -1 -1 -1 1 -1 3 -1 -1 -1 -1 1 1 -1 -1 1 -1
-1 -1 -1 1 1 1 3 -1 -1 -1 1 1 1 -1 -1 -1 1 -1 -1 -1 1 -1 -1 -1
-1 -1 1 -3 -1 -1 1 -1 1 1 -1 1 -1 -1 -1 -1 1 1 -1 -1 1 1 1 1
-1 -1 1 -1 -1 -1 -1 1 -3 -1 -1 -1 -1 -1 1 1 1 1 1 -1 1 1 1 1
-1 -1 1 -1 -1 -1 1 -1 -1 -1 -1 -1 1 -3 1 -1 -1 -1 -1 1 1 1 -1 -1
-1 -1 1 -1 -1 1 -1 -1 -1 3 -1 -1 1 -1 1 1 -1 1 -1 -1 -1 1 1 -1
-1 -1 1 -1 -1 3 1 1 -1 1 -1 1 -1 -1 1 -1 -1 1 1 1 1 1 -1 1
-1 -1 1 -1 1 -1 -1 -1 3 -1 1 1 1 1 1 1 1 -1 1 1 1 -1 -1 -1
-1 -1 1 -1 1 1 -1 1 1 -1 1 1 -1 1 1 1 -1 -1 -1 1 -1 -1 3 1
-1 -1 1 -1 1 1 3 1 1 1 -1 1 1 1 1 -1 -1 1 -1 -1 -1 -1 1 -1
-1 -1 1 1 -1 -1 -1 -1 -1 1 1 -1 1 -1 -1 -1 3 -1 -1 -1 1 1 1 -1
-1 -1 1 1 -1 -1 -1 -1 1 1 -1 -1 -1 1 1 -1 -1 -1 1 1 1 -3 1 1
-1 -1 1 1 -1 -1 -1 1 -1 1 1 -1 -1 -1 1 1 -1 -3 1 1 -1 1 1 -1
-1 -1 1 1 -1 -1 1 1 -1 -1 1 1 3 1 1 1 -1 1 -1 1 1 -1 -1 -1
-1 -1 1 1 -1 -1 1 1 -1 1 1 1 -1 1 -1 1 1 3 -1 -1 -1 1 1 -1
-1 -1 1 1 -1 1 -1 -1 1 -1 1 1 1 1 -1 -1 1 1 -1 -1 -1 -3 1 -1
-1 -1 1 1 -1 1 -1 -1 1 1 -1 1 -1 1 -1 1 1 -1 3 1 -1 1 -1 1
-1 -1 1 1 -1 1 1 -1 -1 1 1 1 1 -1 -1 -1 -3 -1 -1 1 -1 -1 1 1
-1 -1 1 1 -1 3 1 -1 -1 -1 1 -1 1 -1 -1 1 1 1 1 -1 -1 1 1 1
-1 -1 1 1 1 -1 1 -1 1 1 -1 -1 1 3 -1 1 1 1 -1 1 -1 -1 -1 1
-1 -1 1 1 1 -1 1 1 -1 1 -1 1 -1 -1 1 -1 1 1 -1 1 3 -1 1 -1
-1 -1 1 1 1 1 -1 -1 1 1 -1 1 1 -1 -1 1 -1 1 -1 -1 1 1 -1 3
-1 -1 1 1 1 1 -1 1 -1 -1 -1 -1 -1 -1 -1 -1 1 -1 -1 -3 -1 -1 -1 1
-1 -1 1 1 1 1 -1 1 1 1 1 1 1 -1 -1 -3 1 -1 1 1 1 -1 -1 1
-1 -1 1 1 1 1 1 -1 1 -3 -1 1 1 -1 1 -1 -1 1 1 1 1 -1 1 1
-1 -1 1 1 1 1 1 1 1 -1 1 -1 1 1 -1 1 1 -1 -1 1 3 1 1 1
-1 -1 1 1 1 1 1 1 1 1 1 -1 -3 1 1 1 -1 1 -1 -1 1 -1 -1 1
-1 -1 1 1 3 -1 -1 1 1 -1 1 -1 -1 1 -1 -1 -1 -1 -1 1 -1 1 -1 -1
-1 -1 3 -1 1 1 1 -1 -1 1 1 -1 -1 -1 -1 -1 1 1 -1 1 -1 -1 -1 -1
-1 1 -3 -1 -1 1 1 -1 -1 -1 1 -1 1 1 -1 -1 -1 1 1 -1 1 1 1 -1
-1 1 -3 1 1 -1 -1 1 -1 -1 1 -1 -1 -1 1 -1 1 1 1 -1 -1 -1 1 1
-1 1 -3 1 1 -1 1 1 -1 1 -1 1 1 1 -1 1 -1 1 -1 -1 -1 -1 -1 -1
-1 1 -1 -3 -1 -1 1 -1 1 1 -1 -1 -1 1 1 1 1 -1 1 1 -1 -1 -1 1
-1 1 -1 -3 1 -1 -1 1 -1 -1 -1 1 -1 -1 -1 1 1 -1 -1 -1 -1 -1 1 -1
-1 1 -1 -1 -1 -1 -1 -3 1 -1 1 -1 1 -1 1 -1 1 1 -1 1 1 -1 1 1
-1 1 -1 -1 -1 -1 1 -1 -1 1 1 -1 -1 -3 -1 1 1 1 1 1 -1 1 1 -1
-1 1 -1 -1 -1 -1 1 -1 1 -3 -1 1 1 1 1 -1 -1 -1 -1 -1 -1 -1 -1 -1
-1 1 -1 -1 -1 -1 1 -1 1 1 1 1 3 1 -1 1 1 -1 -1 -1 1 1 -1 1
-1 1 -1 -1 -1 -1 1 1 -1 1 -3 -1 1 1 1 -1 1 -1 -1 -1 1 1 1 -1
-1 1 -1 -1 -1 1 -1 1 -1 1 1 1 1 1 1 -1 -1 -1 -1 1 3 -1 1 1
-1 1 -1 -1 1 -1 1 1 1 1 1 1 -1 -1 -3 -1 -1 -1 1 -1 1 1 -1 -1
-1 1 -1 -1 1 1 -1 -3 -1 1 -1 -1 1 1 -1 -1 1 -1 -1 -1 -1 -1 -1 -1
-1 1 -1 -1 1 1 -1 1 1 3 -1 1 1 1 1 -1 -1 -1 1 -1 -1 1 -1 1
-1 1 -1 -1 1 1 1 -1 -1 1 -1 1 -1 -1 3 1 -1 -1 -1 -1 1 -1 -1 -1
-1 1 -1 1 -1 -3 1 1 -1 -1 1 1 -1 -1 1 1 1 -1 -1 -1 1 1 -1 -1
-1 1 -1 1 -1 -1 -3 -1 -1 1 -1 1 -1 1 1 1 1 1 -1 -1 1 -1 1 -1
-1 1 -1 1 -1 -1 -1 -1 -1 1 1 1 1 1 1 1 -1 1 1 1 -1 -1 -1 3
-1 1 -1 1 -1 -1 -1 1 -1 -1 -1 -1 1 -1 -1 -1 1 -1 -1 1 1 -3 -1 -1
-1 1 -1 1 -1 -1 -1 1 -1 -1 1 1 -1 1 1 -1 -3 1 -1 1 -1 1 1 -1
-1 1 -1 1 -1 -1 -1 3 -1 1 -1 1 -1 1 -1 -1 1 1 1 1 1 1 -1 1
-1 1 -1 1 -1 -1 1 -1 1 3 1 -1 1 1 1 -1 1 1 1 -1 -1 -1 1 -1
-1 1 -1 1 -1 -1 1 1 -1 -3 -1 -1 1 -1 -1 1 -1 1 1 1 -1 1 -1 1
-1 1 -1 1 -1 1 1 -1 1 1 -1 1 -1 1 -1 -1 -1 -1 -1 -3 1 -1 1 1
-1 1 -1 1 1 -1 -1 -1 -1 1 -1 -1 1 1 -1 1 1 1 1 -1 -1 3 1 1
-1 1 -1 1 1 -1 1 -1 -1 1 1 -1 -1 1 -1 -3 -1 1 -1 1 1 -1 -1 1
-1 1 -1 1 1 -1 1 1 -1 -1 1 1 1 -1 -1 1 -1 -1 1 1 1 -1 3 -1
-1 1 -1 1 1 1 -3 1 1 -1 -1 1 -1 -1 -1 1 -1 1 1 -1 -1 1 -1 -1
-1 1 -1 1 1 1 -1 -1 -1 -1 1 -1 -1 -1 1 -1 1 1 -1 1 1 1 -1 -3
-1 1 -1 1 1 1 -1 -1 1 1 1 -1 -1 1 -1 1 -3 -1 1 1 1 1 1 1
-1 1 -1 1 1 1 -1 1 -1 1 -3 -1 1 -1 1 1 -1 1 1 1 1 -1 1 1
-1 1 -1 1 1 1 -1 1 1 -1 -1 -1 -1 1 1 1 1 -1 -1 1 -1 1 -1 3
-1 1 -1 1 1 1 1 1 1 -1 -1 -1 3 1 -1 -1 1 -1 1 -1 -1 -1 1 1
-1 1 -1 1 1 1 3 1 -1 -1 -1 1 -1 1 1 1 1 1 1 -1 1 1 1 1
-1 1 -1 1 3 -1 1 -1 1 -1 1 1 1 -1 1 1 -1 -1 1 -1 -1 1 -1 1
-1 1 -1 3 -1 -1 1 -1 1 -1 -1 1 1 1 -1 -1 1 1 -1 1 1 1 1 -1
-1 1 1 -3 -1 1 -1 -1 -1 1 1 1 -1 1 -1 -1 -1 -1 1 1 -1 1 1 -1
-1 1 1 -3 -1 1 1 1 1 -1 1 -1 1 1 1 -1 1 1 -1 1 1 1 -1 -1
-1 1 1 -1 -3 1 -1 -1 -1 -1 1 -1 -1 -1 1 1 1 -1 -1 -1 -1 -1 -1 -1
-1 1 1 -1 -1 -3 -1 -1 -1 -1 -1 -1 -1 1 -1 -1 1 1 -1 1 -1 1 -1 -1
-1 1 1 -1 -1 -1 -1 1 1 -1 1 1 -1 -1 1 -1 -1 -1 1 1 -1 1 -3 1
-1 1 1 -1 -1 -1 -1 1 1 3 -1 1 1 -1 -1 1 1 -1 1 1 1 -1 1 -1
-1 1 1 -1 -1 -1 1 3 -1 1 -1 -1 -1 -1 1 1 -1 1 -1 1 -1 -1 -1 -1
-1 1 1 -1 -1 1 -1 -1 1 -1 -1 -1 -1 -1 -1 1 -1 1 1 -1 1 -1 3 -1
-1 1 1 -1 -1 1 -1 1 -1 1 -1 -3 1 -1 -1 -1 1 -1 1 1 -1 1 -1 1
-1 1 1 -1 -1 1 1 1 -1 1 1 1 -1 -1 -1 3 -1 -1 -1 -1 1 1 1 1
-1 1 1 -1 1 -1 -1 -1 1 -1 -1 1 1 1 -3 -1 -1 -1 -1 1 1 -1 1 1
-1 1 1 -1 1 -1 -1 1 1 1 3 -1 -1 -1 1 -1 -1 1 1 1 1 -1 1 -1
-1 1 1 -1 1 -1 1 -1 -1 -1 3 -1 1 1 -1 1 -1 1 -1 1 -1 1 1 1
-1 1 1 -1 1 -1 1 1 1 1 1 -1 1 -1 1 -1 1 -3 -1 -1 -1 -1 -1 -1
-1 1 1 -1 1 1 -1 -3 -1 -1 -1 -1 -1 -1 1 1 -1 1 1 1 -1 1 -1 1
-1 1 1 -1 1 3 1 -1 1 -1 1 1 -1 1 1 -1 1 -1 1 -1 -1 -1 -1 1
-1 1 1 1 -1 -1 -1 -1 1 -3 1 1 -1 1 1 1 1 1 1 -1 -1 1 1 1
-1 1 1 1 -1 -1 1 -3 -1 1 -1 1 -1 -1 -1 1 1 -1 -1 1 1 -1 -1 1
-1 1 1 1 -1 -1 1 1 -1 -1 1 1 1 -1 -1 -1 1 1 -1 -1 1 -1 1 3
-1 1 1 1 -1 -1 1 1 1 -1 -1 -1 -1 3 1 1 -1 -1 1 1 1 1 -1 -1
-1 1 1 1 -1 1 1 -1 -3 1 1 -1 -1 1 1 1 -1 1 1 1 1 -1 1 -1
-1 1 1 1 -1 1 1 1 -1 -1 1 -1 1 -1 1 -3 -1 1 1 -1 -1 -1 -1 -1
-1 1 1 1 -1 1 1 1 -1 -1 1 1 1 1 1 -1 1 -1 1 3 -1 1 1 1
-1 1 1 1 -1 1 1 1 3 -1 -1 -1 -1 -1 -1 -1 1 1 1 -1 1 1 -1 1
-1 1 1 1 -1 1 3 -1 1 -1 1 1 -1 -1 1 1 -1 1 -1 1 -1 1 -1 -1
-1 1 1 1 -1 3 1 -1 1 1 -1 -1 1 -1 1 -1 1 -1 -1 1 1 -1 1 -1
-1 1 1 1 1 -3 -1 1 1 -1 -1 -1 1 -1 1 -1 1 -1 1 1 1 1 1 1
-1 1 1 1 1 -1 -1 1 -1 -1 -1 1 1 1 -1 3 1 -1 1 -1 1 -1 -1 1
-1 1 1 1 1 1 -3 -1 1 1 1 -1 1 -1 1 1 1 -1 1 -1 -1 -1 1 1
-1 1 1 1 1 1 -1 -1 -1 -1 -1 -1 -1 1 -1 -1 3 1 1 1 1 -1 1 1
-1 1 1 1 1 1 -1 1 1 1 -1 1 1 1 -1 1 1 -1 -3 -1 -1 1 1 -1
-1 1 1 1 1 1 1 1 -1 -1 1 -1 -1 -3 1 1 1 -1 1 1 1 -1 -1 1
-1 1 1 1 1 1 1 1 1 -1 -1 -1 1 -1 -1 1 -3 -1 -1 -1 1 -1 -1 -1
-1 1 3 1 1 -1 1 -1 1 1 1 1 -1 1 -1 1 -1 -1 1 -1 -1 -1 1 -1
-1 3 -1 1 -1 -1 -1 -1 1 1 -1 -1 1 -1 1 1 -1 -1 -1 1 -1 1 -1 -1
0 -4 0 0 0 0 0 0 0 0 0 0 0 0 0 0 0 0 -4 0 0 0 0 0
0 -2 -2 0 -2 0 0 0 0 0 -2 -2 0 0 0 0 0 0 2 0 -2 0 2 0
0 -2 -2 0 0 0 -2 0 0 0 0 0 0 0 0 2 2 0 0 0 -2 -2 -2 0
0 -2 -2 0 0 0 -2 0 0 0 2 0 -2 0 -2 0 0 0 0 0 0 0 2 -2
0 -2 -2 0 0 0 0 0 -2 2 0 2 0 0 0 0 0 0 0 -2 2 2 0 0
0 -2 -2 0 2 0 0 -2 0 2 0 -2 0 0 2 0 0 0 0 0 0 0 0 2
0 -2 0 -2 -2 2 0 0 0 0 0 0 2 0 0 -2 0 -2 0 -2 0 0 0 0
0 -2 0 -2 2 0 0 -2 0 0 0 2 0 0 0 -2 -2 0 0 0 0 0 -2 0
0 -2 0 0 -2 -2 -2 0 0 -2 0 2 0 0 0 -2 0 0 0 0 2 0 0 0
0 -2 0 0 -2 0 0 0 0 0 0 0 0 0 2 2 0 -2 0 0 2 0 -2 2
0 -2 0 0 -2 0 0 2 -2 0 2 0 0 -2 -2 0 0 0 0 0 0 0 -2 0
0 -2 0 0 0 -2 0 -2 0 -2 0 0 0 0 0 0 0 -2 0 2 -2 0 0 2
0 -2 0 0 0 -2 0 2 2 2 0 -2 0 0 0 0 0 0 2 0 0 0 -2 0
0 -2 0 0 0 -2 2 0 0 -2 0 0 2 0 0 0 0 0 0 -2 0 2 2 0
0 -2 0 0 0 -2 2 0 0 0 -2 0 0 0 0 2 0 -2 0 0 0 -2 0 -2
0 -2 0 0 0 0 -2 2 0 2 0 2 0 0 0 0 -2 2 0 0 0 -2 0 0
0 -2 0 0 0 0 0 0 2 -2 0 0 -2 0 0 0 -2 -2 2 -2 0 0 0 0
0 -2 0 0 0 0 0 2 -2 0 0 -2 0 2 0 0 -2 0 0 2 0 0 0 2
0 -2 0 0 0 0 2 0 2 0 -2 0 0 0 2 0 2 0 0 2 0 2 0 0
0 -2 0 0 0 2 0 0 2 0 0 0 2 -2 0 0 0 2 0 0 0 0 -2 -2
0 -2 0 0 2 0 2 0 -2 0 0 0 0 -2 0 2 -2 2 0 0 0 0 0 0
0 -2 2 -2 -2 0 0 0 0 -2 0 0 0 0 0 0 -2 2 0 0 -2 0 0 0
0 -2 2 0 0 0 0 0 -2 0 0 0 0 2 2 -2 0 0 0 0 0 2 0 -2
0 -2 2 0 0 0 0 2 0 0 0 -2 2 -2 0 0 0 0 0 0 0 -2 2 0
0 -2 2 0 2 -2 -2 -2 0 0 0 0 0 0 0 0 0 2 0 0 0 0 2 0
0 0 -2 -2 0 0 0 0 2 0 0 2 0 0 0 -2 0 0 2 0 0 -2 2 0
0 0 -2 -2 0 0 2 2 0 2 2 0 0 0 0 0 0 2 0 0 0 0 0 2
0 0 -2 0 -2 -2 0 0 0 2 0 0 0 -2 0 -2 0 -2 0 0 0 0 0 2
0 0 -2 0 0 -2 2 0 2 0 0 -2 -2 0 0 0 0 0 0 0 2 0 2 0
0 0 -2 0 0 0 0 0 -2 0 0 -2 2 -2 0 2 0 -2 0 -2 0 0 0 0
0 0 -2 0 0 0 0 0 0 0 0 -2 -2 0 0 0 -2 -2 -2 0 -2 -2 0 0
0 0 -2 0 0 0 0 0 2 0 2 0 0 0 2 -2 0 0 0 -2 2 0 -2 0
0 0 -2 0 0 0 0 2 2 -2 0 0 0 0 0 2 0 0 -2 2 0 0 0 -2
0 0 -2 0 0 0 2 0 0 0 0 0 2 -2 2 0 0 0 0 2 -2 -2 0 0
0 0 -2 0 0 2 0 0 0 0 0 2 2 2 2 0 2 0 0 0 0 0 0 -2
0 0 -2 0 0 2 0 0 2 0 2 -2 0 0 0 0 2 0 2 2 0 0 0 0
0 0 -2 0 2 -2 0 -2 -2 -2 -2 0 0 0 0 0 0 0 0 0 2 0 0 0
0 0 -2 0 2 0 -2 0 0 0 2 0 2 0 0 2 0 2 0 0 2 0 0 0
0 0 -2 0 2 2 0 0 -2 0 0 0 0 0 -2 0 0 0 2 0 0 0 -2 2
0 0 -2 0 2 2 0 2 0 0 0 2 -2 0 0 -2 0 0 -2 0 0 0 0 0
0 0 -2 2 -2 2 -2 0 0 2 0 0 2 0 -2 0 0 0 0 0 0 0 0 0
0 0 -2 2 0 0 0 0 0 0 0 0 0 0 0 -2 0 -2 0 -2 -2 2 0 -2
0 0 -2 2 0 0 0 0 0 0 0 2 0 -2 0 0 -2 0 0 2 2 0 -2 0
0 0 0 -2 -2 0 0 2 0 0 0 2 -2 2 2 0 0 0 0 -2 0 0 0 0
0 0 0 -2 0 -2 -2 -2 0 0 0 0 0 0 2 0 0 -2 0 -2 0 2 0 0
0 0 0 -2 0 0 0 0 -2 0 0 0 -2 0 0 -2 2 -2 0 0 2 0 -2 0
0 0 0 -2 0 0 0 0 0 -2 -2 0 0 2 0 -2 0 0 2 0 0 2 0 2
0 0 0 -2 0 0 0 2 0 0 0 0 0 2 -2 -2 0 0 0 0 -2 -2 -2 0
0 0 0 -2 0 0 2 -2 0 -2 0 2 0 0 -2 2 0 0 2 0 0 0 0 0
0 0 0 -2 0 2 2 0 -2 -2 -2 -2 0 0 0 0 0 0 0 0 0 -2 0 0
0 0 0 -2 2 -2 0 0 0 0 -2 -2 2 0 0 0 -2 0 0 0 -2 0 0 0
0 0 0 -2 2 0 0 0 -2 2 -2 0 -2 2 0 0 0 2 0 0 0 0 0 0
0 0 0 0 -4 0 0 0 0 0 0 0 0 0 0 0 0 0 0 0 0 4 0 0
0 0 0 0 -2 -2 0 0 0 0 0 0 -2 0 -2 0 2 0 2 -2 0 -2 0 0
0 0 0 0 -2 -2 0 0 2 0 -2 2 0 0 0 2 0 2 0 0 0 0 -2 0
0 0 0 0 -2 0 -2 0 0 0 0 2 -2 0 -2 0 0 0 -2 0 -2 0 0 2
0 0 0 0 -2 0 -2 0 0 0 2 0 0 2 0 0 0 2 2 0 0 0 -2 -2
0 0 0 0 -2 0 0 0 -2 0 -2 0 0 0 -2 0 -2 -2 2 0 2 0 0 0
0 0 0 0 -2 0 0 0 0 0 2 -2 0 0 2 0 -2 0 0 -2 0 0 2 2
0 0 0 0 -2 0 0 0 0 0 2 0 0 2 -2 2 0 -2 0 2 0 -2 0 0
0 0 0 0 -2 0 0 0 2 0 2 0 0 0 -2 0 -2 2 -2 0 2 0 0 0
0 0 0 0 -2 0 0 2 2 0 -2 0 2 0 0 -2 -2 0 0 2 0 0 0 0
0 0 0 0 -2 0 2 0 0 0 0 -2 2 0 -2 0 0 0 -2 0 -2 0 0 -2
0 0 0 0 -2 2 -2 -2 2 0 0 2 0 0 2 0 -2 0 0 0 0 0 0 0
0 0 0 0 -2 2 -2 2 0 -2 0 0 0 0 0 0 0 0 2 0 0 -2 0 2
0 0 0 0 -2 2 0 -2 0 -2 0 0 0 0 -2 -2 0 0 0 2 0 0 -2 0
0 0 0 0 0 -2 -2 0 0 -2 0 0 0 -2 2 2 -2 0 0 0 0 -2 0 0
0 0 0 0 0 -2 0 0 -2 0 0 -2 0 2 2 0 0 0 0 -2 0 -2 -2 0
0 0 0 0 0 -2 0 0 0 0 -2 2 -2 0 0 0 0 0 2 0 0 2 2 -2
0 0 0 0 0 -2 0 0 0 0 0 0 0 2 2 0 0 2 -2 0 2 2 0 2
0 0 0 0 0 -2 0 0 0 0 2 0 2 2 0 -2 -2 -2 2 0 0 0 0 0
0 0 0 0 0 -2 0 2 0 -2 -2 0 0 2 0 0 0 2 0 0 0 -2 2 0
0 0 0 0 0 0 -2 -2 0 2 -2 0 0 0 0 -2 0 0 0 2 2 2 0 0
0 0 0 0 0 0 -2 0 0 -2 0 -2 0 -2 0 0 0 0 -2 0 -2 2 2 0
0 0 0 0 0 0 -2 2 -2 -2 2 0 0 2 0 0 2 0 -2 0 0 0 0 0
0 0 0 0 0 0 -2 2 0 0 0 0 2 0 0 0 0 -2 0 0 2 2 -2 -2
0 0 0 0 0 0 0 -2 0 0 -2 0 0 0 0 0 -2 2 -2 2 0 -2 0 -2
0 0 0 0 0 0 0 0 0 -2 0 0 0 0 2 0 2 -2 0 -2 2 -2 2 0
0 0 0 0 0 0 0 0 0 0 0 -4 0 0 0 0 0 4 0 0 0 0 0 0
0 0 0 0 0 0 0 0 0 0 0 4 0 0 0 0 0 -4 0 0 0 0 0 0
0 0 0 0 0 0 0 0 0 2 0 0 0 0 -2 0 -2 2 0 2 -2 2 -2 0
0 0 0 0 0 0 0 2 0 0 2 0 0 0 0 0 2 -2 2 -2 0 2 0 2
0 0 0 0 0 0 2 -2 0 0 0 0 -2 0 0 0 0 2 0 0 -2 -2 2 2
0 0 0 0 0 0 2 -2 2 2 -2 0 0 -2 0 0 -2 0 2 0 0 0 0 0
0 0 0 0 0 0 2 0 0 2 0 2 0 2 0 0 0 0 2 0 2 -2 -2 0
0 0 0 0 0 0 2 2 0 -2 2 0 0 0 0 2 0 0 0 -2 -2 -2 0 0
0 0 0 0 0 2 0 -2 0 2 2 0 0 -2 0 0 0 -2 0 0 0 2 -2 0
0 0 0 0 0 2 0 0 0 0 -2 0 -2 -2 0 2 2 2 -2 0 0 0 0 0
0 0 0 0 0 2 0 0 0 0 0 0 0 -2 -2 0 0 -2 2 0 -2 -2 0 -2
0 0 0 0 0 2 0 0 0 0 2 -2 2 0 0 0 0 0 -2 0 0 -2 -2 2
0 0 0 0 0 2 0 0 2 0 0 2 0 -2 -2 0 0 0 0 2 0 2 2 0
0 0 0 0 0 2 2 0 0 2 0 0 0 2 -2 -2 2 0 0 0 0 2 0 0
0 0 0 0 2 -2 0 2 0 2 0 0 0 0 2 2 0 0 0 -2 0 0 2 0
0 0 0 0 2 -2 2 -2 0 2 0 0 0 0 0 0 0 0 -2 0 0 2 0 -2
0 0 0 0 2 -2 2 2 -2 0 0 -2 0 0 -2 0 2 0 0 0 0 0 0 0
0 0 0 0 2 0 -2 0 0 0 0 2 -2 0 2 0 0 0 2 0 2 0 0 2
0 0 0 0 2 0 0 -2 -2 0 2 0 -2 0 0 2 2 0 0 -2 0 0 0 0
0 0 0 0 2 0 0 0 -2 0 -2 0 0 0 2 0 2 -2 2 0 -2 0 0 0
0 0 0 0 2 0 0 0 0 0 -2 0 0 -2 2 -2 0 2 0 -2 0 2 0 0
0 0 0 0 2 0 0 0 0 0 -2 2 0 0 -2 0 2 0 0 2 0 0 -2 -2
0 0 0 0 2 0 0 0 2 0 2 0 0 0 2 0 2 2 -2 0 -2 0 0 0
0 0 0 0 2 0 2 0 0 0 -2 0 0 -2 0 0 0 -2 -2 0 0 0 2 2
0 0 0 0 2 0 2 0 0 0 0 -2 2 0 2 0 0 0 2 0 2 0 0 -2
0 0 0 0 2 2 0 0 -2 0 2 -2 0 0 0 -2 0 -2 0 0 0 0 2 0
0 0 0 0 2 2 0 0 0 0 0 0 2 0 2 0 -2 0 -2 2 0 2 0 0
0 0 0 0 4 0 0 0 0 0 0 0 0 0 0 0 0 0 0 0 0 -4 0 0
0 0 0 2 -2 0 0 0 2 -2 2 0 2 -2 0 0 0 -2 0 0 0 0 0 0
0 0 0 2 -2 2 0 0 0 0 2 2 -2 0 0 0 2 0 0 0 2 0 0 0
0 0 0 2 0 -2 -2 0 2 2 2 2 0 0 0 0 0 0 0 0 0 2 0 0
0 0 0 2 0 0 -2 2 0 2 0 -2 0 0 2 -2 0 0 -2 0 0 0 0 0
0 0 0 2 0 0 0 -2 0 0 0 0 0 -2 2 2 0 0 0 0 2 2 2 0
0 0 0 2 0 0 0 0 0 2 2 0 0 -2 0 2 0 0 -2 0 0 -2 0 -2
0 0 0 2 0 0 0 0 2 0 0 0 2 0 0 2 -2 2 0 0 -2 0 2 0
0 0 0 2 0 2 2 2 0 0 0 0 0 0 -2 0 0 2 0 2 0 -2 0 0
0 0 0 2 2 0 0 -2 0 0 0 -2 2 -2 -2 0 0 0 0 2 0 0 0 0
0 0 2 -2 0 0 0 0 0 0 0 -2 0 2 0 0 2 0 0 -2 -2 0 2 0
0 0 2 -2 0 0 0 0 0 0 0 0 0 0 0 2 0 2 0 2 2 -2 0 2
0 0 2 -2 2 -2 2 0 0 -2 0 0 -2 0 2 0 0 0 0 0 0 0 0 0
0 0 2 0 -2 -2 0 -2 0 0 0 -2 2 0 0 2 0 0 2 0 0 0 0 0
0 0 2 0 -2 -2 0 0 2 0 0 0 0 0 2 0 0 0 -2 0 0 0 2 -2
0 0 2 0 -2 0 2 0 0 0 -2 0 -2 0 0 -2 0 -2 0 0 -2 0 0 0
0 0 2 0 -2 2 0 2 2 2 2 0 0 0 0 0 0 0 0 0 -2 0 0 0
0 0 2 0 0 -2 0 0 -2 0 -2 2 0 0 0 0 -2 0 -2 -2 0 0 0 0
0 0 2 0 0 -2 0 0 0 0 0 -2 -2 -2 -2 0 -2 0 0 0 0 0 0 2
0 0 2 0 0 0 -2 0 0 0 0 0 -2 2 -2 0 0 0 0 -2 2 2 0 0
0 0 2 0 0 0 0 -2 -2 2 0 0 0 0 0 -2 0 0 2 -2 0 0 0 2
0 0 2 0 0 0 0 0 -2 0 -2 0 0 0 -2 2 0 0 0 2 -2 0 2 0
0 0 2 0 0 0 0 0 0 0 0 2 2 0 0 0 2 2 2 0 2 2 0 0
0 0 2 0 0 0 0 0 2 0 0 2 -2 2 0 -2 0 2 0 2 0 0 0 0
0 0 2 0 0 2 -2 0 -2 0 0 2 2 0 0 0 0 0 0 0 -2 0 -2 0
0 0 2 0 2 2 0 0 0 -2 0 0 0 2 0 2 0 2 0 0 0 0 0 -2
0 0 2 2 0 0 -2 -2 0 -2 -2 0 0 0 0 0 0 -2 0 0 0 0 0 -2
0 0 2 2 0 0 0 0 -2 0 0 -2 0 0 0 2 0 0 -2 0 0 2 -2 0
0 2 -2 0 -2 2 2 2 0 0 0 0 0 0 0 0 0 -2 0 0 0 0 -2 0
0 2 -2 0 0 0 0 -2 0 0 0 2 -2 2 0 0 0 0 0 0 0 2 -2 0
0 2 -2 0 0 0 0 0 2 0 0 0 0 -2 -2 2 0 0 0 0 0 -2 0 2
0 2 -2 2 2 0 0 0 0 2 0 0 0 0 0 0 2 -2 0 0 2 0 0 0
0 2 0 0 -2 0 -2 0 2 0 0 0 0 2 0 -2 2 -2 0 0 0 0 0 0
0 2 0 0 0 -2 0 0 -2 0 0 0 -2 2 0 0 0 -2 0 0 0 0 2 2
0 2 0 0 0 0 -2 0 -2 0 2 0 0 0 -2 0 -2 0 0 -2 0 -2 0 0
0 2 0 0 0 0 0 -2 2 0 0 2 0 -2 0 0 2 0 0 -2 0 0 0 -2
0 2 0 0 0 0 0 0 -2 2 0 0 2 0 0 0 2 2 -2 2 0 0 0 0
0 2 0 0 0 0 2 -2 0 -2 0 -2 0 0 0 0 2 -2 0 0 0 2 0 0
0 2 0 0 0 2 -2 0 0 0 2 0 0 0 0 -2 0 2 0 0 0 2 0 2
0 2 0 0 0 2 -2 0 0 2 0 0 -2 0 0 0 0 0 0 2 0 -2 -2 0
0 2 0 0 0 2 0 -2 -2 -2 0 2 0 0 0 0 0 0 -2 0 0 0 2 0
0 2 0 0 0 2 0 2 0 2 0 0 0 0 0 0 0 2 0 -2 2 0 0 -2
0 2 0 0 2 0 0 -2 2 0 -2 0 0 2 2 0 0 0 0 0 0 0 2 0
0 2 0 0 2 0 0 0 0 0 0 0 0 0 -2 -2 0 2 0 0 -2 0 2 -2
0 2 0 0 2 2 2 0 0 2 0 -2 0 0 0 2 0 0 0 0 -2 0 0 0
0 2 0 2 -2 0 0 2 0 0 0 -2 0 0 0 2 2 0 0 0 0 0 2 0
0 2 0 2 2 -2 0 0 0 0 0 0 -2 0 0 2 0 2 0 2 0 0 0 0
0 2 2 0 -2 0 0 2 0 -2 0 2 0 0 -2 0 0 0 0 0 0 0 0 -2
0 2 2 0 0 0 0 0 2 -2 0 -2 0 0 0 0 0 0 0 2 -2 -2 0 0
0 2 2 0 0 0 2 0 0 0 -2 0 2 0 2 0 0 0 0 0 0 0 -2 2
0 2 2 0 0 0 2 0 0 0 0 0 0 0 0 -2 -2 0 0 0 2 2 2 0
0 2 2 0 2 0 0 0 0 0 2 2 0 0 0 0 0 0 -2 0 2 0 -2 0
0 4 0 0 0 0 0 0 0 0 0 0 0 0 0 0 0 0 4 0 0 0 0 0
1 -3 1 -1 1 1 1 1 -1 -1 1 1 -1 1 -1 -1 1 1 1 -1 1 -1 1 1
1 -1 -3 -1 -1 1 -1 1 -1 -1 -1 -1 1 -1 1 -1 1 1 -1 1 1 1 -1 1
1 -1 -1 -1 -1 -1 -1 -1 -1 1 1 1 -1 1 1 -1 3 1 1 1 -1 1 1 1
1 -1 -1 -1 -1 -1 -1 -1 1 1 -1 1 1 3 -1 -1 -1 1 -1 -1 -1 1 1 -1
1 -1 -1 -1 -1 -1 1 -1 -1 -1 1 -1 -1 -1 1 -1 -1 1 3 1 1 -1 -1 1
1 -1 -1 -1 -1 -1 1 1 1 1 1 1 1 -1 1 1 -3 -1 -1 -1 -1 1 -1 -1
1 -1 -1 -1 -1 -1 3 1 -1 -1 -1 1 -1 1 -1 -1 -1 1 -1 1 1 1 -1 -1
1 -1 -1 -1 -1 1 1 -1 1 1 1 -1 -1 -1 1 -3 -1 1 -1 1 -1 1 1 -1
1 -1 -1 -1 -1 3 1 -1 -1 1 1 1 -1 1 -1 1 -1 1 -1 -1 -1 -1 -1 -1
1 -1 -1 -1 1 -3 -1 1 -1 -1 1 1 -1 1 -1 1 -1 1 1 -1 -1 1 -1 1
1 -1 -1 -1 1 -1 -3 1 -1 1 -1 -1 1 1 -1 -1 1 -1 1 -1 1 -1 1 1
1 -1 -1 -1 1 -1 -1 -1 -3 1 1 1 1 1 1 1 -1 -1 -1 1 -1 -1 1 -1
1 -1 -1 -1 1 -1 -1 -1 1 1 -1 -1 -1 -1 -1 1 -1 1 -1 -3 1 -1 -1 -1
1 -1 -1 -1 1 -1 -1 -1 1 1 -1 1 -1 1 -1 3 1 -1 -1 1 1 1 1 1
1 -1 -1 -1 1 -1 -1 1 3 -1 -1 1 1 -1 -1 -1 1 -1 -1 -1 -1 1 -1 1
1 -1 -1 -1 1 1 -1 -1 -1 1 1 1 1 -3 -1 -1 1 1 -1 -1 -1 -1 1 1
1 -1 -1 -1 1 1 -1 -1 1 1 -1 -1 -1 1 1 1 -1 -1 1 1 -1 1 -1 -3
1 -1 -1 -1 1 1 -1 3 1 -1 1 -1 1 1 1 -1 -1 1 1 -1 -1 1 1 -1
1 -1 -1 -1 1 1 1 1 -1 3 -1 -1 1 -1 -1 -1 -1 -1 -1 1 1 -1 -1 -1
1 -1 -1 1 -1 -3 -1 1 -1 1 -1 -1 1 -1 -1 1 -1 1 -1 1 1 1 1 -1
1 -1 -1 1 -1 -1 1 3 1 1 1 1 1 1 -1 -1 1 -1 -1 -1 1 -1 1 -1
1 -1 -1 1 -1 1 -1 -1 -1 -1 -1 1 -1 1 -1 1 -1 3 1 1 1 1 1 1
1 -1 -1 1 -1 1 -1 1 1 1 -3 1 -1 -1 1 -1 1 -1 1 -1 1 -1 -1 -1
1 -1 -1 1 -1 1 1 -1 -1 -1 -3 1 1 1 -1 1 1 -1 -1 -1 -1 1 -1 1
1 -1 -1 1 -1 1 1 1 -1 1 1 -1 -1 -1 3 1 1 1 1 -1 -1 1 -1 -1
1 -1 -1 1 1 -1 -1 -1 1 -1 -1 -1 1 1 1 -3 1 1 1 1 -1 -1 -1 -1
1 -1 -1 1 1 -1 1 -1 1 -1 1 3 -1 1 1 1 -1 1 -1 -1 1 -1 1 -1
1 -1 -1 1 1 -1 1 1 -1 1 1 1 1 1 1 -1 1 -1 -1 1 -1 1 -3 1
1 -1 -1 1 1 1 -1 -3 1 -1 1 1 1 1 -1 -1 1 -1 1 -1 1 1 1 1
1 -1 -1 1 1 1 1 -1 -1 -3 1 -1 -1 1 1 -1 -1 1 -1 -1 -1 1 -1 1
1 -1 -1 1 1 1 1 -1 -1 1 -1 -1 1 1 -1 1 1 1 -1 -1 1 -1 3 -1
1 -1 -1 1 1 3 1 1 1 1 1 1 1 -1 1 1 -1 -1 1 -1 1 -1 1 1
1 -1 -1 1 3 -1 1 1 1 1 -1 1 1 1 -1 -1 -1 1 1 1 1 1 1 1
1 -1 -1 3 1 -1 -1 -1 -1 1 -1 1 -1 -1 -1 1 -1 -1 1 -1 -1 -1 1 1
1 -1 -1 3 1 -1 1 1 1 -1 -1 -1 1 -1 1 1 1 1 -1 -1 1 -1 -1 1
1 -1 1 -3 1 1 -1 1 -1 1 1 -1 -1 -1 1 1 -1 -1 1 -1 -1 -1 -1 1
1 -1 1 -1 -3 1 -1 1 -1 1 -1 -1 -1 1 -1 -1 1 1 -1 1 1 -1 1 -1
1 -1 1 -1 -1 -1 -3 -1 1 1 1 -1 1 -1 -1 -1 -1 -1 -1 1 -1 -1 -1 -1
1 -1 1 -1 -1 -1 -1 -1 -1 1 1 1 -3 -1 1 1 -1 1 -1 1 1 1 -1 -1
1 -1 1 -1 -1 -1 1 -1 -1 1 1 1 1 -1 -1 -1 -1 1 1 -1 1 -1 1 -3
1 -1 1 -1 -1 -1 1 -1 1 -1 3 1 -1 1 -1 -1 1 -1 -1 -1 -1 1 -1 -1
1 -1 1 -1 -1 -1 1 1 -1 -1 -1 1 1 -1 1 -1 3 1 -1 -1 -1 -1 -1 -1
1 -1 1 -1 -1 -1 1 1 1 1 -1 1 1 1 -1 1 -1 -1 1 -1 -1 -1 1 3
1 -1 1 -1 -1 -1 3 -1 -1 1 1 -1 1 1 1 -1 1 -1 -1 1 1 -1 1 1
1 -1 1 -1 -1 1 -1 -1 1 1 -1 -1 -1 1 1 -1 1 1 -1 -1 -1 1 -3 1
1 -1 1 -1 -1 1 -1 1 1 -1 -1 1 1 -1 1 3 1 -1 1 -1 -1 1 1 -1
1 -1 1 -1 -1 1 1 1 1 -1 1 1 -1 -1 1 -1 -1 -1 -1 1 1 -3 -1 -1
1 -1 1 -1 1 -1 -1 1 -1 -1 1 -1 1 -1 1 1 1 1 1 3 -1 1 -1 -1
1 -1 1 -1 1 1 -1 -1 1 3 1 1 -1 1 1 -1 1 -1 -1 -1 1 -1 1 -1
1 -1 1 -1 1 1 -1 1 -1 -3 -1 1 -1 -1 -1 1 -1 -1 -1 1 1 1 -1 1
1 -1 1 -1 1 1 1 -3 1 -1 1 -1 1 -1 1 1 -1 -1 -1 -1 -1 -1 1 -1
1 -1 1 -1 1 1 1 -1 1 1 -1 -1 1 -1 -1 1 3 -1 1 -1 1 -1 -1 1
1 -1 1 -1 1 1 1 -1 1 1 1 1 -1 1 1 1 -1 1 1 -1 -1 3 1 1
1 -1 1 -1 1 1 1 1 1 -1 -1 -1 -1 -1 -1 -1 1 -1 -1 -1 1 1 1 -3
1 -1 1 -1 1 1 3 1 1 -1 1 -1 1 -1 -1 -1 -1 -1 1 1 -1 1 -1 1
1 -1 1 -1 1 3 -1 -1 1 1 -1 -1 1 1 -1 -1 -1 1 1 1 -1 -1 1 1
1 -1 1 1 -1 -1 -1 1 1 -1 1 -1 1 1 -3 -1 1 1 1 1 -1 1 1 1
1 -1 1 1 -1 -1 1 -1 -1 -3 1 -1 -1 -1 -1 1 1 1 -1 1 1 -1 1 -1
1 -1 1 1 -1 -1 1 3 1 -1 1 1 -1 -1 1 1 -1 1 1 1 1 1 1 1
1 -1 1 1 -1 1 -1 -1 -1 -1 -1 -1 1 1 3 1 1 1 -1 1 -1 -1 1 1
1 -1 1 1 1 -1 1 -1 1 -1 -1 -1 -1 -1 -1 1 1 1 1 -1 -3 1 -1 -1
1 -1 1 1 1 1 -1 -1 1 -1 3 1 -1 -1 -1 1 -1 1 1 1 -1 -1 -1 1
1 -1 1 1 1 1 -1 1 -1 -1 -1 -1 -3 -1 1 -1 -1 1 1 1 -1 -1 1 -1
1 -1 1 1 1 1 -1 1 -1 3 1 -1 -1 -1 -1 1 1 1 1 1 1 1 1 1
1 -1 1 1 1 1 -1 1 1 -1 -1 1 1 3 1 -1 -1 -1 -1 -1 1 -1 -1 1
1 -1 1 1 1 1 1 3 -1 1 -1 1 -1 1 -1 1 -1 -1 1 -1 -1 1 -1 -1
1 -1 1 3 -1 1 1 -1 1 1 1 -1 1 1 1 -1 -1 1 1 1 1 1 -1 1
1 -1 1 3 1 1 -1 1 -1 -1 1 1 1 -1 -1 -1 -1 1 -1 -1 1 1 1 -1
1 -1 3 -1 -1 1 -1 -1 1 -1 1 -1 -1 -1 1 -1 1 -1 1 1 1 1 1 1
1 -1 3 -1 -1 1 1 -1 1 1 -1 1 1 1 -1 1 -1 -1 -1 1 1 1 -1 -1
1 -1 3 1 1 -1 -1 1 1 1 -1 1 -1 -1 1 1 1 -1 -1 1 -1 -1 -1 1
1 1 -3 1 -1 -1 -1 1 1 -1 -1 1 1 1 1 1 -1 -1 1 -1 1 1 1 1
1 1 -1 -1 -3 1 1 -1 -1 1 -1 1 1 -1 1 1 1 1 1 -1 1 -1 1 1
1 1 -1 -1 -1 -1 -1 -1 -1 -1 -1 1 3 -1 -1 -1 1 -1 1 1 -1 1 1 -1
1 1 -1 -1 -1 -1 -1 -1 -1 1 -1 1 -1 -1 1 -1 -1 1 1 -1 -3 -1 -1 -1
1 1 -1 -1 -1 -1 -1 1 -1 3 1 -1 -1 1 -1 1 1 -1 -1 -1 -1 1 -1 -1
1 1 -1 -1 -1 -1 1 -1 -1 -1 -1 -1 -1 1 1 3 -1 1 -1 -1 -1 1 1 -1
1 1 -1 -1 -1 -1 1 -1 1 1 1 1 1 1 1 1 -1 1 1 3 1 1 1 -1
1 1 -1 -1 -1 -1 1 1 -1 -1 1 -1 -1 1 1 -1 1 -1 1 1 -1 -1 1 -3
1 1 -1 -1 -1 1 -1 -1 1 -1 1 -1 1 1 -1 1 -1 -1 1 -1 -3 1 -1 1
1 1 -1 -1 -1 1 -1 1 -1 -1 1 1 -1 -3 1 -1 -1 -1 1 -1 1 1 1 -1
1 1 -1 -1 1 -3 -1 1 1 1 -1 1 -1 1 1 -1 -1 -1 -1 1 1 -1 -1 -1
1 1 -1 -1 1 -1 -1 1 1 -1 -1 -1 -1 1 1 1 3 1 1 -1 1 1 -1 -1
1 1 -1 -1 1 -1 1 1 -1 -1 1 -1 1 -1 1 -1 -1 1 -3 -1 1 -1 1 -1
1 1 -1 -1 1 -1 1 1 -1 1 -1 -1 -1 -1 1 1 -1 -1 1 1 1 3 -1 1
1 1 -1 -1 1 1 -1 -1 1 -1 -1 -1 1 -1 1 -1 -1 -3 1 1 1 -1 -1 1
1 1 -1 -1 1 1 -1 -1 1 1 -1 -1 -3 -1 -1 -1 1 -1 1 -1 -1 1 1 1
1 1 -1 -1 1 1 1 -1 1 -1 -1 1 1 1 -1 -1 1 3 -1 -1 1 -1 -1 1
1 1 -1 -1 1 1 1 1 -1 -1 1 1 1 -1 -1 1 1 1 -1 -1 -1 3 -1 -1
1 1 -1 -1 1 1 1 1 1 -1 -1 1 -1 1 1 1 -3 1 1 1 -1 -1 -1 1
1 1 -1 1 -1 -1 -3 -1 -1 -1 1 -1 -1 -1 -1 1 1 -1 1 1 1 1 -1 1
1 1 -1 1 -1 -1 1 -1 -1 1 -1 -1 1 -1 -1 -1 1 1 1 -1 1 1 -3 -1
1 1 -1 1 -1 1 1 1 -3 1 -1 -1 -1 -1 -1 -1 -1 1 -1 -1 -1 1 1 1
1 1 -1 1 1 -3 -1 -1 1 -1 1 -1 1 1 -1 1 1 -1 -1 -1 -1 -1 1 -1
1 1 -1 1 1 -1 1 1 1 -3 1 1 -1 1 -1 -1 1 -1 1 1 1 -1 -1 1
1 1 -1 1 1 1 -1 1 1 1 1 1 -1 3 -1 1 1 1 1 -1 -1 -1 1 1
1 1 -1 1 1 1 1 -1 3 1 1 1 1 1 -1 -1 -1 -1 -1 1 -1 -1 -1 -1
1 1 -1 3 1 1 -1 1 -1 -1 1 -1 1 1 1 1 -1 -1 1 1 -1 -1 -1 -1
1 1 1 -1 -1 -1 -3 1 1 1 -1 -1 -1 1 1 1 -1 1 1 1 -1 1 1 1
1 1 1 -1 -1 -1 -1 1 1 1 1 -1 1 -3 1 1 1 1 -1 -1 1 1 -1 1
1 1 1 -1 -1 -1 1 1 1 -1 -1 -1 -1 1 -1 1 1 -1 -3 -1 1 -1 -1 1
1 1 1 -1 -1 1 -1 1 -1 -1 -1 -1 3 1 -1 1 -1 1 -1 -1 1 1 1 1
1 1 1 -1 -1 1 1 -1 1 1 1 -3 -1 1 -1 -1 -1 -1 1 -1 1 -1 -1 -1
1 1 1 -1 -1 1 1 1 -1 -1 1 -1 -3 1 -1 1 1 1 1 1 -1 1 -1 1
1 1 1 -1 1 -3 1 -1 1 1 1 1 1 -1 -1 -1 1 1 1 1 -1 -1 -1 1
1 1 1 -1 1 -1 -1 -1 -1 1 -1 -3 -1 -1 1 1 1 -1 -1 1 1 -1 1 -1
1 1 1 -1 1 -1 -1 -1 1 -3 1 -1 1 -1 -1 -1 -1 1 1 -1 1 1 -1 -1
1 1 1 -1 1 -1 -1 3 -1 1 1 1 1 -1 -1 -1 -1 -1 -1 1 -1 1 1 1
1 1 1 -1 1 1 -3 1 1 -1 -1 1 1 -1 1 -1 1 1 -1 1 1 -1 1 -1
1 1 1 -1 1 1 -1 -1 -1 1 1 -1 1 3 1 1 1 -1 1 1 1 1 -1 1
1 1 1 -1 1 1 1 1 -1 1 1 3 -1 -1 1 1 1 1 1 1 -1 -1 1 -1
1 1 1 -1 1 1 1 3 1 1 -1 -1 -1 1 1 -1 1 -1 1 1 1 -1 1 1
1 1 1 -1 3 1 -1 -1 -1 1 -1 1 1 -1 -1 1 -1 -1 1 -1 1 1 1 -1
1 1 1 1 -1 -1 -1 -1 -1 1 1 1 1 -1 3 -1 1 -1 1 1 1 -1 -1 -1
1 1 1 1 -1 -1 -1 -1 1 1 -3 -1 1 -1 -1 -1 1 1 -1 -1 -1 -1 1 1
1 1 1 1 -1 -1 1 -1 -1 1 1 1 1 -1 1 1 1 -1 -1 -1 -3 1 1 1
1 1 1 1 -1 -1 1 1 1 1 1 -1 -1 -1 -1 -1 1 -1 -1 3 1 1 -1 -1
1 1 1 1 -1 1 -1 -3 1 1 1 -1 -1 1 -1 1 1 1 -1 1 -1 1 1 -1
1 1 1 1 -1 1 -1 -1 -1 -1 -1 -1 -1 -1 1 -1 -1 1 -1 -1 3 -1 -1 1
1 1 1 1 -1 1 -1 1 -1 1 -1 1 1 1 1 -1 -1 -1 1 -1 -1 -1 3 -1
1 1 1 1 -1 1 1 -1 -1 -1 1 1 1 1 1 1 -1 -1 1 -3 1 1 -1 -1
1 1 1 1 1 -1 -1 -1 1 -1 1 1 -1 -1 1 -3 -1 -1 -1 -1 -1 -1 1 1
1 1 1 1 1 -1 1 -1 -3 -1 1 1 -1 -1 -1 -1 -1 -1 1 1 -1 1 -1 -1
1 1 1 1 1 -1 1 1 1 1 1 -1 1 1 -1 -1 -1 1 -1 -3 -1 1 -1 1
1 1 1 3 1 1 1 -1 -1 1 -1 1 -1 1 1 -1 1 1 -1 -1 -1 -1 -1 -1
1 1 3 1 1 -1 -1 1 -1 1 -1 -1 1 1 -1 -1 -1 1 1 1 1 -1 -1 -1
1 3 -1 -1 -1 -1 1 1 1 -1 -1 1 -1 -1 1 -1 1 1 -1 1 -1 1 1 1
1 3 1 -1 1 1 -1 1 -1 -1 -1 -1 -1 1 1 -1 -1 -1 -1 -1 -1 1 -1 -1
2 -2 -2 0 0 0 0 0 0 -2 0 0 2 0 -2 0 -2 0 0 0 0 -2 0 0
2 -2 0 -2 0 0 0 -2 -2 0 0 -2 0 0 -2 0 0 0 0 0 0 2 0 0
2 -2 0 -2 0 0 0 0 0 0 -2 0 0 0 2 0 -2 0 0 0 2 0 2 0
2 -2 0 0 2 -2 0 0 0 0 2 0 0 -2 0 0 0 -2 0 0 2 0 0 0
2 -2 0 2 -2 0 0 0 0 0 0 2 0 0 0 0 0 0 0 2 -2 0 0 -2
2 -2 0 2 0 0 0 0 0 0 0 -2 -2 2 0 0 2 -2 0 0 0 0 0 0
2 0 -2 -2 2 0 2 0 0 0 0 0 0 2 0 0 0 -2 0 -2 0 0 0 0
2 0 -2 0 -2 0 0 -2 0 0 0 0 0 0 0 0 0 -2 -2 0 2 0 0 -2
2 0 -2 0 0 0 0 2 -2 0 0 0 -2 0 0 2 0 0 0 0 2 -2 0 0
2 0 -2 2 0 0 0 0 0 0 2 0 0 0 0 0 0 0 -2 2 0 0 2 2
2 0 0 -2 0 0 -2 -2 0 -2 0 0 -2 2 0 0 0 0 0 0 0 -2 0 0
2 0 0 -2 0 0 0 0 0 -2 2 2 2 0 2 0 0 0 0 0 0 0 0 2
2 0 0 -2 0 0 0 2 0 0 -2 0 0 -2 -2 0 0 2 2 0 0 0 0 0
2 0 0 -2 0 2 0 0 0 0 0 0 0 0 0 0 2 -2 -2 2 -2 0 0 0
2 0 0 0 -2 2 0 0 0 0 0 -2 0 -2 0 2 -2 0 0 2 0 0 0 0
2 0 0 0 -2 2 2 0 2 -2 0 0 0 2 0 0 0 0 0 0 0 0 2 0
2 0 0 0 0 0 0 0 -2 0 -2 2 0 0 0 -2 0 0 0 2 0 -2 0 2
2 0 0 0 0 0 0 0 2 2 0 -2 2 0 0 0 0 -2 0 0 0 2 2 0
2 0 0 0 0 0 2 0 -2 0 0 0 2 2 0 0 0 2 2 0 -2 0 0 0
2 0 0 0 0 0 2 0 0 0 0 2 -2 -2 0 0 0 0 0 -2 0 0 -2 2
2 0 0 0 2 0 0 0 0 -2 0 -2 0 0 0 2 0 0 2 0 0 0 2 2
2 0 0 0 2 2 2 -2 0 0 0 0 -2 0 0 0 0 0 0 2 2 0 0 0
2 0 0 2 0 0 0 0 2 0 -2 0 -2 0 0 0 -2 0 -2 0 0 2 0 0
2 0 0 2 0 0 0 0 2 0 0 0 0 0 -2 2 0 0 2 0 2 0 0 -2
2 0 0 2 0 0 2 0 0 0 0 0 0 -2 0 -2 2 0 2 0 0 0 2 0
2 0 2 0 0 0 0 0 2 0 0 0 0 0 2 0 0 2 2 -2 0 -2 0 0
2 2 -2 0 0 0 0 0 0 0 -2 -2 0 2 -2 0 0 0 0 2 0 0 0 0
2 2 0 -2 0 0 0 -2 0 2 0 0 0 0 0 0 -2 0 -2 0 0 0 0 2
2 2 0 -2 0 0 0 0 0 0 0 0 2 0 0 2 0 0 0 0 0 -2 -2 -2
2 2 0 -2 0 0 0 0 0 0 2 0 0 0 -2 0 2 0 0 0 2 0 2 0
2 2 0 0 0 0 0 0 2 0 2 0 -2 0 2 2 0 -2 0 0 0 0 0 0
2 2 0 2 -2 -2 2 0 0 0 0 0 0 0 0 0 -2 0 0 0 0 -2 0 0
2 2 2 2 0 2 0 0 0 0 0 0 0 0 -2 0 0 -2 0 0 0 0 0 2
3 -1 -1 -1 -1 1 -1 1 1 1 1 1 -1 1 -1 -1 -1 -1 1 1 1 1 -1 1
3 -1 1 -1 1 -1 1 1 1 1 1 -1 -1 1 -1 1 -1 1 -1 1 -1 -1 1 -1
3 -1 1 1 -1 -1 -1 -1 -1 1 1 1 1 1 -1 1 1 1 -1 -1 1 -1 -1 1
3 -1 1 1 -1 -1 -1 1 -1 -1 -1 -1 1 -1 1 -1 -1 -1 1 -1 -1 1 -1 1
3 1 -1 1 -1 1 -1 1 1 -1 1 -1 -1 -1 -1 -1 1 1 -1 -1 -1 -1 -1 -1
3 1 -1 1 1 -1 -1 -1 -1 1 1 -1 -1 1 1 -1 -1 1 1 -1 1 1 1 -1
3 1 -1 1 1 1 -1 -1 1 1 -1 1 1 -1 1 1 1 1 1 1 -1 1 -1 1
3 1 1 1 1 -1 1 1 -1 -1 -1 1 1 1 1 1 1 -1 -1 1 1 1 1 -1
