# Conway's xi for the sextet below: on tetrad T, x_i -> s_T * ((sum_{j in T} x_j)/2 - x_i).
# sextet: 0 1 2 3 | 4 7 10 12 | 5 14 17 23 | 6 9 11 22 | 8 15 16 19 | 13 18 20 21
# tetrad signs s_T: -1 1 1 1 1 1
# Verified (python/group/m24.py): maps all 196560 minimal vectors bijectively onto themselves.
# Format: 'den D' then 24 rows of 24 integer numerators; (xi v)[r] = sum_c num[r][c] v[c] / D.
den 2
 1 -1 -1 -1  0  0  0  0  0  0  0  0  0  0  0  0  0  0  0  0  0  0  0  0
-1  1 -1 -1  0  0  0  0  0  0  0  0  0  0  0  0  0  0  0  0  0  0  0  0
-1 -1  1 -1  0  0  0  0  0  0  0  0  0  0  0  0  0  0  0  0  0  0  0  0
-1 -1 -1  1  0  0  0  0  0  0  0  0  0  0  0  0  0  0  0  0  0  0  0  0
 0  0  0  0 -1  0  0  1  0  0  1  0  1  0  0  0  0  0  0  0  0  0  0  0
 0  0  0  0  0 -1  0  0  0  0  0  0  0  0  1  0  0  1  0  0  0  0  0  1
 0  0  0  0  0  0 -1  0  0  1  0  1  0  0  0  0  0  0  0  0  0  0  1  0
 0  0  0  0  1  0  0 -1  0  0  1  0  1  0  0  0  0  0  0  0  0  0  0  0
 0  0  0  0  0  0  0  0 -1  0  0  0  0  0  0  1  1  0  0  1  0  0  0  0
 0  0  0  0  0  0  1  0  0 -1  0  1  0  0  0  0  0  0  0  0  0  0  1  0
 0  0  0  0  1  0  0  1  0  0 -1  0  1  0  0  0  0  0  0  0  0  0  0  0
 0  0  0  0  0  0  1  0  0  1  0 -1  0  0  0  0  0  0  0  0  0  0  1  0
 0  0  0  0  1  0  0  1  0  0  1  0 -1  0  0  0  0  0  0  0  0  0  0  0
 0  0  0  0  0  0  0  0  0  0  0  0  0 -1  0  0  0  0  1  0  1  1  0  0
 0  0  0  0  0  1  0  0  0  0  0  0  0  0 -1  0  0  1  0  0  0  0  0  1
 0  0  0  0  0  0  0  0  1  0  0  0  0  0  0 -1  1  0  0  1  0  0  0  0
 0  0  0  0  0  0  0  0  1  0  0  0  0  0  0  1 -1  0  0  1  0  0  0  0
 0  0  0  0  0  1  0  0  0  0  0  0  0  0  1  0  0 -1  0  0  0  0  0  1
 0  0  0  0  0  0  0  0  0  0  0  0  0  1  0  0  0  0 -1  0  1  1  0  0
 0  0  0  0  0  0  0  0  1  0  0  0  0  0  0  1  1  0  0 -1  0  0  0  0
 0  0  0  0  0  0  0  0  0  0  0  0  0  1  0  0  0  0  1  0 -1  1  0  0
 0  0  0  0  0  0  0  0  0  0  0  0  0  1  0  0  0  0  1  0  1 -1  0  0
 0  0  0  0  0  0  1  0  0  1  0  1  0  0  0  0  0  0  0  0  0  0 -1  0
 0  0  0  0  0  1  0  0  0  0  0  0  0  0  1  0  0  1  0  0  0  0  0 -1
