# g in Co_0 (24x24 rational matrix, rows = images of the coordinate vectors scaled by den): S_i = g^{i-1} S, i = 1..42; order 42 on antipodal pairs; L(g) = 42; tools/disjoint_family --method chain --seed 1
den 8
-1 3 1 -1 3 1 1 -1 -3 1 -3 -1 -1 1 -1 -1 -3 -1 -1 1 1 1 1 -1
-1 -1 1 -1 -1 1 1 -1 -3 1 1 -1 3 1 -1 -1 1 3 -1 1 1 -3 -3 -1
-1 -1 1 -1 3 1 -3 -1 1 1 1 -1 -1 1 3 -1 1 -1 -1 -3 1 -3 1 -1
1 1 -1 -3 1 -1 -1 1 -1 -1 -1 1 1 -1 1 -3 3 1 1 -1 3 3 -1 1
3 -1 1 -1 -1 1 1 -1 1 5 1 3 -1 1 -1 -1 1 -1 -1 1 1 1 1 -1
-1 -1 1 3 -1 1 1 -1 1 1 -3 -1 3 1 3 -1 1 -1 -1 1 1 1 1 3
-1 -1 1 -1 3 1 1 -1 1 1 1 -1 -1 1 -1 3 1 -1 3 1 1 1 -3 3
-1 -1 -3 -1 3 1 1 -1 1 1 1 -1 3 -3 -1 -1 1 -1 -1 1 -3 1 1 -1
1 1 -1 -3 1 -1 -1 1 3 -1 -1 1 1 3 1 1 -1 1 -3 3 -1 -1 -1 1
-5 -1 1 -1 -1 1 1 -1 1 -3 1 3 -1 1 -1 -1 1 -1 -1 1 1 1 1 -1
1 1 -1 1 1 -1 3 -3 3 -1 -1 1 1 -1 1 1 -1 1 1 -1 3 -1 -1 -3
-1 -1 -3 -1 -1 -3 1 -1 -3 1 1 -1 -1 1 3 3 1 -1 -1 1 1 1 1 -1
-1 -1 1 -1 -1 -3 -3 -1 1 1 1 -1 3 1 -1 -1 -3 -1 3 1 1 1 1 -1
-1 3 1 -1 -1 1 1 3 1 1 1 -1 3 1 -1 3 1 -1 -1 -3 1 1 1 -1
1 1 -1 1 1 3 -1 1 -1 -1 3 1 1 -1 1 1 -1 1 1 3 3 -1 3 1
-1 -1 1 3 3 -3 1 3 1 1 1 -1 -1 1 -1 -1 1 3 -1 1 1 1 1 -1
3 -1 1 -1 -1 1 1 -1 1 -3 1 -5 -1 1 -1 -1 1 -1 -1 1 1 1 1 -1
1 -3 -1 1 1 3 -1 1 -1 -1 -1 1 1 3 1 1 -1 1 1 -1 -1 3 -1 -3
-1 3 -3 3 -1 1 -3 -1 1 1 1 -1 -1 1 -1 -1 1 -1 -1 1 1 1 -3 -1
-1 -1 -3 -1 -1 1 1 -1 1 1 1 -1 -1 1 -1 -1 -3 3 -1 -3 1 1 1 3
-1 -1 -3 -1 -1 1 1 3 1 1 -3 -1 -1 1 -1 -1 1 -1 3 1 1 -3 1 -1
1 -3 -1 1 1 -1 -1 1 -1 -1 -1 1 1 -1 -3 1 -1 -3 -3 -1 3 -1 -1 1
1 1 -1 1 1 -1 -1 -3 -1 -1 -1 1 1 3 -3 1 3 1 1 -1 -1 -1 3 1
1 1 -1 1 1 -1 3 1 -1 -1 3 1 1 3 1 -3 -1 -3 1 -1 -1 -1 -1 1
