# S_6 of 42, |S| = 496, dim 31
# S_i = g^(i-1) S for the automorphism g of g.txt, S = data/S496.txt (tools/disjoint_family --method chain)
-3 -1 -1 -1 1 -1 1 1 -1 -1 1 1 -1 -1 -1 -1 -1 -1 1 1 1 1 1 1
-3 1 -1 -1 1 -1 -1 -1 1 1 1 1 -1 -1 -1 -1 1 -1 -1 -1 -1 -1 -1 -1
-3 1 -1 -1 1 1 1 -1 1 1 -1 1 1 1 1 -1 -1 1 -1 1 -1 1 1 1
-3 1 -1 1 1 -1 -1 1 -1 -1 -1 1 1 -1 1 1 -1 1 1 -1 -1 -1 -1 1
-3 1 1 1 -1 1 1 -1 -1 1 1 1 1 1 -1 1 1 1 1 -1 -1 -1 1 -1
-3 1 1 1 1 -1 -1 1 1 -1 1 -1 1 1 -1 1 1 -1 1 1 1 1 -1 -1
-2 -2 -2 0 0 -2 -2 0 0 0 0 0 2 2 0 -2 0 0 0 0 0 0 0 0
-2 -2 0 -2 0 0 -2 0 -2 0 -2 0 0 -2 0 0 0 0 0 0 0 0 0 -2
-2 -2 0 0 0 0 0 0 2 0 0 2 0 2 0 2 0 0 0 0 -2 0 -2 0
-2 -2 0 0 0 0 2 0 0 0 0 0 0 -2 -2 0 0 2 0 0 0 -2 -2 0
-2 -2 0 0 2 0 0 0 -2 0 0 0 -2 2 0 0 0 0 0 -2 0 -2 0 0
-2 -2 0 0 2 0 0 0 2 -2 -2 -2 0 0 0 0 -2 0 0 0 0 0 0 0
-2 -2 0 0 2 0 2 0 0 2 0 0 2 0 0 0 0 -2 0 0 0 0 0 -2
-2 0 -2 0 0 -2 0 0 0 0 0 0 0 0 0 2 -2 0 -2 0 0 2 0 -2
-2 0 -2 0 0 0 0 0 2 2 0 0 0 0 0 0 -2 0 2 0 2 0 -2 0
-2 0 0 -2 -2 0 0 0 0 0 0 0 2 0 -2 0 0 2 0 0 2 2 0 0
-2 0 0 -2 0 0 -2 0 2 0 0 0 0 0 0 0 0 0 0 2 2 -2 2 0
-2 0 0 -2 2 -2 0 2 0 2 0 -2 0 0 0 0 0 2 0 0 0 0 0 0
-2 0 0 0 -2 0 -2 0 0 2 0 -2 0 0 2 0 0 0 0 2 0 2 0 0
-2 0 0 0 -2 0 2 0 2 0 0 0 0 0 0 0 2 0 2 2 0 0 0 2
-2 0 0 0 0 -2 0 2 2 0 0 0 0 0 2 0 0 -2 0 0 -2 0 2 0
-2 0 0 0 0 0 0 -2 2 0 0 -2 0 0 0 2 2 2 -2 0 0 0 0 0
-2 0 0 0 0 0 0 0 2 0 2 -2 0 0 0 -2 0 0 0 -2 0 2 0 2
-2 0 0 0 0 2 0 -2 -2 -2 0 0 0 0 0 0 2 0 0 2 0 2 0 0
-2 0 0 0 2 0 0 -2 0 0 -2 2 0 0 -2 2 0 0 0 0 2 0 0 0
-2 0 0 0 2 2 -2 0 0 0 0 0 0 0 2 -2 0 -2 2 0 0 0 0 0
-2 0 0 0 2 2 0 0 0 0 0 0 0 0 0 0 0 2 0 -2 0 2 -2 -2
-2 0 0 2 0 0 0 0 0 -2 0 0 0 2 0 0 0 2 0 0 2 0 2 2
-2 0 0 2 2 0 2 0 0 -2 2 0 0 0 0 0 0 0 -2 0 -2 0 0 0
-2 0 2 -2 0 0 0 -2 0 0 0 -2 0 2 0 -2 0 0 0 0 0 0 0 -2
-2 0 2 0 0 0 0 2 0 2 -2 2 0 0 0 0 0 0 2 0 0 2 0 0
-2 0 2 0 0 2 0 0 2 -2 0 2 0 0 -2 -2 0 0 0 0 0 0 0 0
-2 0 2 0 2 0 -2 0 0 0 0 0 -2 0 0 0 0 0 -2 0 0 2 2 0
-2 0 2 0 2 0 0 0 0 0 -2 0 0 0 0 0 2 0 0 2 -2 -2 0 0
-2 2 -2 0 0 0 0 2 -2 2 0 0 0 2 0 0 0 -2 0 0 0 0 0 0
-2 2 0 -2 0 0 0 0 0 0 0 -2 2 -2 0 0 -2 -2 0 0 0 0 0 0
-2 2 0 0 0 0 0 0 0 -2 -2 0 -2 2 0 0 0 0 -2 0 0 0 -2 0
-2 2 0 2 0 0 2 0 2 0 -2 0 0 -2 0 0 0 0 0 0 0 0 0 -2
-2 2 2 0 2 0 2 0 -2 0 0 0 0 0 2 0 0 0 0 0 2 0 0 0
-1 -3 1 -1 -1 1 1 -1 1 1 1 1 1 1 1 -1 1 1 -1 -1 1 -1 1 1
-1 -1 -3 -1 -1 1 1 1 -1 -1 -1 1 -1 1 1 -1 1 1 -1 -1 1 1 1 -1
-1 -1 -1 -3 -1 1 -1 1 1 1 -1 -1 -1 1 1 -1 -1 -1 -1 -1 -1 -1 -1 1
-1 -1 -1 -1 -1 -1 -1 -1 -1 -1 1 -1 1 -1 1 1 1 -1 -1 -1 1 1 3 1
-1 -1 -1 -1 -1 -1 -1 -1 -1 1 -1 1 -1 1 1 1 3 -1 -1 1 1 -1 -1 1
-1 -1 -1 -1 -1 -1 1 -1 1 -3 -1 1 -1 -1 -1 1 1 -1 -1 1 -1 -1 1 -1
-1 -1 -1 -1 -1 -1 1 1 -1 1 1 1 -1 1 -1 -1 1 1 -1 1 -3 -1 1 1
-1 -1 -1 -1 -1 -1 1 1 1 -1 -1 1 1 -1 -1 -1 -1 -1 1 -3 -1 1 -1 -1
-1 -1 -1 -1 -1 -1 1 1 1 1 -1 1 1 -1 1 3 1 1 1 -1 1 -1 1 -1
-1 -1 -1 -1 -1 1 -1 -3 1 -1 -1 -1 1 -1 -1 -1 1 -1 1 -1 1 -1 -1 1
-1 -1 -1 -1 -1 1 -1 -1 -1 -1 -1 -1 -1 1 1 3 -1 1 1 -1 1 1 -1 1
-1 -1 -1 -1 -1 1 -1 -1 1 -1 1 -1 -3 -1 -1 -1 -1 1 -1 1 1 1 -1 -1
-1 -1 -1 -1 -1 1 -1 1 -1 1 1 1 3 -1 -1 1 1 -1 -1 -1 -1 -1 -1 1
-1 -1 -1 -1 -1 1 1 -1 -1 1 3 -1 -1 1 1 1 1 -1 -1 -1 -1 1 -1 -1
-1 -1 -1 -1 -1 1 1 -1 -1 3 -1 -1 -1 1 -1 1 -1 1 -1 1 1 -1 1 -1
-1 -1 -1 -1 -1 3 -1 1 -1 -1 1 1 -1 1 -1 1 -1 -1 1 1 -1 -1 1 -1
-1 -1 -1 -1 1 -1 1 -1 -1 -1 -1 1 1 -1 1 -1 -1 -1 -3 -1 1 -1 -1 1
-1 -1 -1 -1 1 1 -1 -1 1 -1 1 1 -1 -1 -1 1 -1 1 -1 -1 -1 -1 1 3
-1 -1 -1 1 -3 -1 1 -1 -1 -1 1 -1 1 -1 -1 -1 -1 -1 -1 1 -1 1 -1 1
-1 -1 -1 1 -1 -1 -1 -1 -1 -1 1 -1 -1 1 1 1 1 1 1 1 1 -1 1 -3
-1 -1 -1 1 -1 -1 -1 -1 1 1 -1 -1 1 -1 1 1 -1 -1 -1 1 -1 -3 -1 -1
-1 -1 -1 1 -1 -1 -1 1 1 1 3 1 -1 1 -1 1 1 -1 1 -1 1 -1 1 1
-1 -1 -1 1 -1 -1 -1 1 3 -1 -1 1 -1 -1 1 -1 1 1 -1 -1 1 -1 -1 1
-1 -1 -1 1 -1 -1 1 -3 -1 1 -1 -1 -1 1 1 -1 1 1 1 -1 -1 1 1 1
-1 -1 -1 1 -1 1 -1 -1 -1 -1 1 1 -1 1 3 -1 -1 1 -1 1 -1 -1 -1 1
-1 -1 -1 1 -1 1 -1 1 -1 -1 -1 1 -1 1 -1 -1 1 -1 1 -1 -1 1 -1 3
-1 -1 -1 1 -1 1 1 -1 -1 1 1 1 -1 1 -1 -3 1 -1 1 1 1 -1 -1 -1
-1 -1 -1 1 -1 1 1 1 -3 1 1 1 1 -1 1 1 -1 1 1 1 1 1 -1 -1
-1 -1 -1 1 -1 1 1 1 -1 -1 -1 -3 -1 1 1 1 1 -1 -1 1 -1 -1 1 1
-1 -1 -1 1 1 -1 -1 -1 -1 -1 1 -1 1 -1 -3 1 -1 -1 1 -1 -1 -1 1 -1
-1 -1 -1 1 1 1 -1 3 1 1 -1 -1 -1 -1 -1 1 1 -1 1 -1 -1 -1 -1 -1
-1 -1 -1 1 1 1 1 -1 -1 -1 1 1 1 -1 1 1 1 -1 1 1 1 -3 1 1
-1 -1 -1 1 3 1 -1 1 -1 1 1 1 1 1 -1 1 1 1 1 1 -1 1 1 1
-1 -1 -1 3 -1 -1 1 1 -1 -1 -1 1 1 1 -1 1 1 -1 -1 -1 1 -1 -1 -1
-1 -1 -1 3 -1 1 -1 1 -1 1 1 -1 -1 1 -1 -1 -1 1 -1 -1 -1 1 1 -1
-1 -1 1 -3 -1 -1 1 1 -1 -1 1 1 -1 1 1 1 -1 1 -1 1 1 -1 -1 -1
-1 -1 1 -1 -1 -1 -1 -1 -1 -1 1 3 -1 1 1 -1 1 -1 1 -1 -1 1 1 -1
-1 -1 1 -1 -1 -1 -1 1 -1 1 1 -1 1 1 1 1 -1 -1 3 -1 -1 -1 -1 -1
-1 -1 1 -1 -1 -1 -1 1 1 -1 1 -1 1 -1 -1 -1 -1 1 -3 -1 -1 -1 1 -1
-1 -1 1 -1 -1 -1 1 1 -1 -1 -1 -1 -1 1 -1 1 -1 1 1 -1 -1 1 3 -1
-1 -1 1 -1 -1 -1 3 1 -1 1 -1 -1 -1 1 -1 -1 1 -1 -1 -1 1 1 -1 1
-1 -1 1 -1 -1 1 1 -1 -1 -1 -3 1 -1 1 1 -1 -1 -1 1 1 1 -1 1 1
-1 -1 1 -1 -1 1 1 -1 -1 1 1 1 -1 1 -1 -1 -3 1 1 -1 -1 1 -1 1
-1 -1 1 -1 -1 1 1 -1 3 1 1 -1 -1 -1 -1 1 -1 -1 1 -1 -1 -1 1 -1
-1 -1 1 -1 1 -1 1 -1 1 1 -1 1 -1 -1 3 -1 -1 1 1 -1 -1 -1 -1 -1
-1 -1 1 -1 1 1 1 1 1 1 1 -1 -1 3 1 1 -1 -1 1 1 1 1 1 1
-1 -1 1 -1 1 3 1 1 -1 1 -1 -1 1 -1 1 1 -1 1 1 -1 -1 -1 1 1
-1 -1 1 1 -1 -3 -1 1 -1 -1 1 -1 -1 1 1 1 1 1 -1 -1 -1 1 -1 1
-1 -1 1 1 -1 -1 -3 -1 -1 1 -1 1 -1 1 -1 1 -1 1 1 1 -1 -1 1 1
-1 -1 1 1 -1 -1 -1 -1 -1 1 -1 1 -1 1 1 -1 -1 1 -1 -1 3 1 -1 -1
-1 -1 1 1 -1 -1 1 -1 -1 -1 -1 -1 3 -1 1 -1 -1 1 1 -1 1 -1 1 -1
-1 -1 1 1 -1 1 -1 -1 -1 1 -1 -1 -1 1 -1 1 1 -3 1 -1 1 1 1 -1
-1 -1 1 1 -1 1 -1 1 -1 1 1 -1 -1 1 -1 1 -1 -1 -1 1 1 -1 -3 1
-1 -1 1 1 1 -1 -1 1 -3 1 1 -1 1 -1 1 -1 -1 -1 -1 1 -1 -1 1 1
-1 -1 1 1 1 -1 -1 1 -1 1 1 1 1 -1 1 -1 3 1 1 -1 1 -1 -1 -1
-1 -1 1 1 1 -1 1 -1 1 -1 1 -1 -1 -1 -1 -1 1 -1 -1 -1 3 -1 1 -1
-1 -1 1 1 1 -1 1 1 -1 1 1 1 1 -1 -1 1 -1 1 -1 -3 1 1 1 1
-1 -1 1 1 1 1 -1 -1 1 -1 -1 1 1 -1 1 1 1 -1 -1 -3 -1 -1 1 -1
-1 -1 1 1 1 1 1 1 -1 1 1 -1 -3 -1 1 -1 1 1 1 1 -1 1 -1 1
-1 -1 1 1 1 1 1 1 1 -1 -1 1 3 -1 1 1 1 1 -1 1 1 1 -1 1
-1 -1 1 3 -1 1 1 1 1 1 1 1 1 -1 1 -1 -1 -1 1 -1 -1 -1 -1 1
-1 -1 3 1 -1 1 -1 -1 -1 1 -1 -1 1 -1 -1 -1 1 1 -1 -1 -1 1 -1 1
-1 -1 3 1 -1 1 1 1 1 -1 -1 -1 -1 1 1 1 1 1 1 -1 1 -1 -1 -1
-1 1 -3 1 -1 1 -1 -1 -1 1 1 -1 -1 -1 -1 1 1 1 1 1 -1 -1 -1 1
-1 1 -1 -3 -1 1 1 -1 -1 1 -1 1 -1 -1 -1 1 1 -1 1 -1 -1 1 1 1
-1 1 -1 -1 -3 -1 -1 -1 1 1 1 1 1 -1 1 -1 -1 1 1 -1 -1 -1 1 1
-1 1 -1 -1 -1 -1 -1 1 1 -1 1 1 1 1 1 1 -1 -1 -1 1 1 1 -1 3
-1 1 -1 -1 -1 -1 1 -1 -1 -1 1 1 -1 -1 1 -1 1 1 1 -1 1 1 -3 1
-1 1 -1 -1 -1 1 -1 -1 -3 -1 -1 -1 1 1 -1 -1 -1 1 -1 -1 -1 -1 1 1
-1 1 -1 -1 -1 1 -1 1 -1 1 -1 3 -1 -1 -1 -1 -1 1 -1 1 1 -1 -1 1
-1 1 -1 -1 -1 1 1 1 -1 -1 -1 -1 -1 -1 -1 1 1 -1 1 1 3 -1 -1 -1
-1 1 -1 -1 -1 1 1 3 -1 -1 1 -1 -1 -1 -1 1 -1 1 -1 -1 -1 1 -1 1
-1 1 -1 -1 -1 1 3 -1 -1 -1 1 -1 -1 -1 1 -1 -1 1 1 1 -1 -1 1 -1
-1 1 -1 -1 1 -1 3 1 -1 -1 -1 1 1 1 -1 1 1 1 1 1 -1 1 -1 -1
-1 1 -1 -1 1 1 -3 1 1 -1 -1 -1 1 -1 -1 -1 1 1 -1 1 -1 1 -1 1
-1 1 -1 -1 1 1 -1 1 -1 -1 3 -1 1 1 1 -1 -1 1 -1 1 1 1 1 -1
-1 1 -1 -1 3 1 1 -1 1 -1 1 -1 -1 1 -1 -1 1 1 1 1 1 -1 -1 1
-1 1 -1 1 -1 -1 -1 1 -1 1 -3 -1 -1 -1 -1 1 1 1 -1 -1 1 1 1 1
-1 1 -1 1 -1 -1 1 -1 1 1 1 -1 1 1 -1 -1 -1 -1 1 1 1 1 3 -1
-1 1 -1 1 -1 -1 1 1 -1 -1 1 -1 -1 -1 -1 -1 3 -1 1 -1 -1 1 1 -1
-1 1 -1 1 -1 -1 1 1 -1 1 1 -1 -1 -1 1 -1 1 1 -3 1 1 -1 -1 -1
-1 1 -1 1 -1 1 -3 1 -1 -1 1 1 -1 -1 1 1 1 -1 -1 -1 1 1 -1 -1
-1 1 -1 1 -1 1 -1 -1 -1 -1 -1 1 -1 -1 -1 -1 -1 1 3 -1 1 1 1 -1
-1 1 -1 1 -1 1 -1 -1 -1 1 -1 1 -1 -1 1 -1 1 -1 -1 1 -1 -1 3 -1
-1 1 -1 1 -1 1 1 -1 1 -1 1 1 1 1 -1 1 -1 1 -1 3 1 -1 -1 -1
-1 1 -1 1 -1 1 1 1 1 -1 1 1 -1 1 1 -1 -1 -1 1 1 -1 3 -1 -1
-1 1 -1 1 -1 1 1 1 1 1 -1 1 -3 1 1 1 -1 1 1 -1 -1 -1 1 1
-1 1 -1 1 -1 3 1 -1 -1 1 -1 -1 -1 -1 1 -1 -1 -1 -1 -1 1 1 -1 1
-1 1 -1 1 1 -1 1 -1 1 -1 -1 1 1 1 -1 -1 -1 -3 1 1 -1 -1 -1 1
-1 1 -1 1 1 1 1 1 1 1 1 -1 1 1 3 1 1 1 1 1 -1 -1 -1 -1
-1 1 -1 1 3 -1 -1 -1 1 1 1 -1 1 1 1 1 -1 -1 -1 -1 1 -1 1 1
-1 1 1 -1 -1 -3 1 -1 -1 1 -1 1 -1 -1 -1 -1 1 1 1 1 1 -1 1 -1
-1 1 1 -1 -1 -1 -1 1 -1 -1 -1 1 1 1 -1 -1 -1 -1 -1 3 -1 1 1 -1
-1 1 1 -1 -1 -1 -1 1 -1 1 1 -1 -1 -1 -1 3 1 -1 -1 1 -1 -1 1 -1
-1 1 1 -1 -1 -1 1 -1 -1 1 -1 -1 -1 -1 1 1 -1 1 -1 1 -1 -1 -1 3
-1 1 1 -1 -1 1 -1 -3 -1 1 1 1 -1 -1 1 1 -1 -1 1 1 1 -1 -1 -1
-1 1 1 -1 -1 1 1 1 -1 -1 1 1 -1 -1 1 -1 1 -3 -1 1 -1 -1 -1 1
-1 1 1 -1 -1 1 1 1 -1 1 1 1 -1 -1 -1 -1 -1 -1 -1 -1 1 1 1 -3
-1 1 1 -1 -1 3 1 1 1 1 -1 -1 1 1 -1 1 1 -1 -1 1 -1 1 -1 -1
-1 1 1 -1 1 -1 -1 -1 -1 1 -1 -1 1 1 -1 -1 1 -1 1 1 1 1 1 3
-1 1 1 -1 1 -1 -1 1 1 -1 1 -1 -3 -1 1 1 -1 -1 1 -1 1 -1 -1 1
-1 1 1 -1 1 1 1 -1 1 1 3 1 1 -1 -1 1 1 -1 -1 1 1 1 1 1
-1 1 1 1 -1 -1 -1 -1 1 -1 -1 1 1 1 1 -1 1 3 1 1 -1 1 -1 -1
-1 1 1 1 -1 -1 -1 1 -1 -1 3 1 -1 -1 -1 -1 -1 1 1 1 -1 -1 -1 -1
-1 1 1 1 -1 -1 1 -1 -1 1 1 -3 -1 -1 -1 1 -1 1 1 -1 1 1 -1 -1
-1 1 1 1 -1 -1 1 -1 1 -1 -1 1 1 1 -1 1 1 -1 -1 -1 -1 3 1 1
-1 1 1 1 -1 -1 1 1 -1 -1 -1 1 -1 -1 1 -3 -1 1 -1 -1 -1 1 1 1
-1 1 1 1 -1 1 -1 -1 -1 -1 1 -1 -1 -1 1 1 -1 -1 1 -1 -3 1 1 1
-1 1 1 1 -1 1 -1 -1 1 -1 1 -1 3 1 1 -1 1 -1 -1 1 -1 -1 1 1
-1 1 1 1 -1 1 -1 1 -1 -1 -1 -1 -1 -1 1 1 -3 1 -1 1 1 -1 1 -1
-1 1 1 1 -1 1 -1 1 1 -1 1 -1 1 -3 -1 1 1 1 1 -1 1 -1 1 1
-1 1 1 1 -1 1 -1 1 3 1 1 1 1 1 1 1 -1 1 -1 -1 1 1 1 -1
-1 1 1 1 -1 1 1 1 -1 1 -1 -1 -1 -1 -3 -1 -1 -1 1 1 -1 -1 1 1
-1 1 1 3 -1 -1 -1 -1 -1 -1 -1 -1 -1 -1 1 -1 1 -1 1 1 1 -1 -1 1
-1 1 1 3 1 1 -1 -1 -1 1 -1 1 1 1 1 1 -1 -1 -1 1 -1 1 -1 -1
-1 3 -1 1 -1 -1 1 -1 -1 -1 1 1 -1 -1 -1 1 -1 -1 -1 -1 1 -1 1 1
-1 3 -1 1 1 -1 -1 1 1 1 1 1 -1 -1 1 -1 1 1 1 1 1 1 1 1
-1 3 1 -1 -1 1 -1 1 -1 1 -1 -1 -1 -1 1 -1 1 1 1 -1 -1 -1 -1 -1
0 -2 -2 -2 0 0 0 -2 0 0 0 2 0 0 0 0 0 2 2 2 0 0 0 0
0 -2 -2 0 -2 0 0 0 0 0 0 0 -2 -2 2 0 0 -2 2 0 0 0 0 0
0 -2 -2 0 0 0 0 0 0 2 0 0 0 0 0 0 0 2 -2 0 0 2 -2 2
0 -2 -2 0 0 0 0 2 0 -2 2 0 0 0 0 0 2 0 0 2 0 0 -2 0
0 -2 -2 0 0 2 2 0 0 0 0 -2 0 0 -2 0 0 0 2 0 0 2 0 0
0 -2 -2 0 2 0 0 0 2 2 0 0 -2 0 0 -2 0 0 0 0 0 0 2 0
0 -2 -2 2 0 2 -2 0 0 0 -2 0 0 0 0 0 0 0 0 2 2 0 0 0
0 -2 0 -2 0 0 0 2 0 0 -2 0 0 0 -2 2 0 0 0 2 0 0 0 2
0 -2 0 -2 0 0 2 0 0 -2 0 0 0 0 2 0 0 0 0 0 -2 2 0 2
0 -2 0 -2 0 2 0 0 0 0 0 2 0 0 0 0 0 -2 0 0 2 2 -2 0
0 -2 0 0 -2 0 0 2 2 0 0 -2 2 0 0 0 0 -2 0 0 2 0 0 0
0 -2 0 0 0 -2 0 0 0 -2 -2 0 0 0 0 0 2 0 2 0 2 2 0 0
0 -2 0 0 0 -2 0 0 0 0 -2 0 0 0 2 0 0 2 -2 2 0 0 2 0
0 -2 0 0 0 -2 2 0 0 0 2 0 0 0 0 -2 0 2 0 0 0 2 0 -2
0 -2 0 0 0 0 -2 0 0 2 2 2 0 0 0 0 0 0 -2 2 0 0 0 -2
0 -2 0 0 0 0 -2 2 0 -2 0 2 0 0 0 0 -2 2 0 0 0 2 0 0
0 -2 0 0 0 0 0 0 0 0 2 -2 0 0 0 2 -2 2 0 2 -2 0 0 0
0 -2 0 0 0 0 2 -2 0 0 0 -2 0 0 2 0 0 0 0 2 2 0 -2 0
0 -2 0 0 0 2 0 -2 0 0 0 0 0 0 2 0 -2 0 0 0 0 2 2 -2
0 -2 0 0 0 2 0 -2 0 2 0 0 0 0 0 0 0 -2 0 2 -2 0 0 2
0 -2 0 0 0 2 0 0 -2 -2 2 0 0 -2 0 -2 0 0 0 -2 0 0 0 0
0 -2 0 0 0 2 2 2 0 0 0 0 0 0 0 -2 -2 0 -2 2 0 0 0 0
0 -2 0 2 0 -2 0 0 0 2 0 -2 0 0 -2 0 2 0 0 2 0 0 0 0
0 -2 0 2 0 0 -2 -2 0 0 2 0 0 0 0 0 0 0 2 0 0 2 -2 0
0 -2 0 2 0 0 0 -2 -2 0 0 0 -2 -2 0 2 0 0 -2 0 0 0 0 0
0 -2 0 2 0 0 0 0 0 -2 0 0 0 0 0 -2 0 0 2 2 -2 0 2 0
0 -2 0 2 0 0 0 0 0 0 0 0 0 0 2 -2 2 -2 -2 0 0 2 0 0
0 -2 2 -2 0 -2 0 -2 0 2 0 0 0 0 0 2 0 0 0 0 0 2 0 0
0 -2 2 0 0 -2 0 0 0 0 0 2 0 0 0 -2 0 0 0 2 0 0 -2 2
0 -2 2 0 0 0 -2 0 0 -2 0 0 0 0 2 2 0 -2 0 2 0 0 0 0
0 -2 2 0 0 0 0 0 0 0 0 0 0 0 -2 0 -2 0 2 2 2 0 0 -2
0 -2 2 0 0 0 0 2 0 0 0 2 -2 -2 0 0 0 0 0 0 0 -2 2 0
0 -2 2 0 0 0 0 2 0 0 2 0 0 0 -2 0 0 -2 0 0 -2 2 0 0
0 0 -2 -2 0 2 0 0 0 0 0 0 0 -2 2 2 0 0 -2 2 0 0 0 0
0 0 -2 -2 2 0 0 0 -2 0 0 0 2 0 0 0 0 0 2 -2 2 0 0 0
0 0 -2 0 -2 0 2 0 2 2 0 2 0 0 0 0 0 -2 -2 0 0 0 0 0
0 0 -2 0 0 -2 2 0 2 0 0 -2 -2 0 0 0 0 0 0 0 -2 0 -2 0
0 0 -2 0 0 0 -2 2 0 0 0 -2 0 0 0 0 -2 0 2 0 0 0 2 2
0 0 -2 0 0 0 -2 2 0 0 0 0 0 2 0 2 0 2 -2 0 0 -2 0 0
0 0 -2 0 0 0 0 -2 0 2 0 0 0 -2 0 0 2 0 0 0 2 2 0 -2
0 0 -2 0 0 0 0 0 -2 -2 0 0 2 0 2 0 0 -2 0 0 -2 0 0 -2
0 0 -2 0 0 0 0 0 0 -2 2 0 0 2 0 0 0 2 2 -2 -2 0 0 0
0 0 -2 0 0 0 0 0 0 0 -2 -2 0 0 -2 -2 0 -2 -2 0 0 0 0 -2
0 0 -2 0 0 0 0 0 0 0 -2 0 0 2 -2 0 2 0 2 0 0 -2 2 0
0 0 -2 0 0 0 0 2 0 0 0 0 0 -2 -2 0 0 2 0 2 0 0 2 -2
0 0 -2 0 0 0 0 2 0 2 -2 0 2 -2 2 -2 0 0 0 0 0 0 0 0
0 0 -2 0 0 2 -2 -2 0 2 0 2 0 2 0 0 0 0 0 -2 0 0 0 0
0 0 -2 0 2 0 0 -2 0 -2 0 0 -2 0 0 0 0 -2 0 -2 0 2 0 0
0 0 -2 2 0 -2 0 0 0 2 0 2 0 0 0 0 0 0 2 0 -2 0 0 -2
0 0 -2 2 0 0 0 0 0 -2 0 -2 0 -2 2 0 0 2 0 0 0 2 0 0
0 0 -2 2 2 0 2 0 -2 0 -2 0 0 0 0 0 -2 0 0 0 0 0 2 0
0 0 0 -2 -2 -2 0 0 0 0 -2 -2 2 0 0 0 2 0 0 0 -2 0 0 0
0 0 0 -2 0 -2 -2 -2 0 -2 0 0 0 0 0 0 -2 0 0 0 -2 0 -2 0
0 0 0 -2 0 -2 0 0 0 0 -2 2 0 2 0 0 0 2 0 -2 0 0 0 2
0 0 0 -2 0 -2 0 0 0 2 2 0 0 0 2 -2 0 -2 0 0 2 0 0 0
0 0 0 -2 0 -2 0 2 0 0 0 2 0 -2 0 0 2 0 -2 0 0 2 0 0
0 0 0 -2 0 0 0 -2 0 0 0 0 0 2 2 2 0 0 0 0 -2 -2 2 0
0 0 0 -2 0 0 0 0 0 -2 2 0 0 -2 0 2 0 0 2 0 0 2 0 -2
0 0 0 -2 0 0 0 2 -2 0 0 0 0 0 2 0 2 0 2 2 0 0 2 0
0 0 0 -2 0 0 0 2 0 -2 0 0 0 2 0 2 2 -2 0 -2 0 0 0 0
0 0 0 -2 0 2 0 0 0 -2 0 0 2 0 0 0 2 2 0 0 0 -2 0 -2
0 0 0 -2 2 0 0 2 0 -2 0 0 -2 0 0 -2 0 0 0 0 -2 0 0 -2
0 0 0 -2 2 2 0 0 -2 2 0 0 0 0 0 -2 2 0 -2 0 0 0 0 0
0 0 0 0 -4 0 0 0 0 0 0 0 0 4 0 0 0 0 0 0 0 0 0 0
0 0 0 0 -2 0 0 0 0 0 0 2 -2 0 0 2 0 0 0 2 2 2 2 0
0 0 0 0 -2 0 0 2 -2 0 0 0 0 0 2 0 0 0 0 -2 2 -2 0 2
0 0 0 0 -2 0 2 2 0 -2 2 2 2 0 0 0 0 0 0 0 0 0 2 0
0 0 0 0 -2 2 -2 0 0 0 0 0 2 0 0 -2 -2 0 0 0 0 0 -2 -2
0 0 0 0 -2 2 0 0 0 0 0 0 -2 0 -2 0 2 0 -2 -2 0 -2 0 0
0 0 0 0 -2 2 0 0 0 0 0 0 2 0 2 0 2 0 2 -2 0 2 0 0
0 0 0 0 -2 2 0 0 2 0 -2 -2 0 0 0 -2 0 2 0 0 0 0 2 0
0 0 0 0 0 -2 -2 0 0 0 0 0 0 -2 0 2 0 2 0 2 2 0 -2 0
0 0 0 0 0 -2 -2 0 2 0 0 -2 0 -2 0 -2 0 0 2 0 0 0 0 -2
0 0 0 0 0 -2 0 -2 0 0 2 0 0 -2 2 0 2 0 0 2 -2 0 0 0
0 0 0 0 0 -2 0 -2 0 2 2 0 0 2 0 0 0 2 0 0 0 -2 -2 0
0 0 0 0 0 -2 0 0 -2 -2 0 -2 0 2 0 0 -2 -2 0 0 2 0 0 0
0 0 0 0 0 -2 0 0 -2 2 -2 0 2 0 -2 0 -2 0 0 0 0 0 -2 0
0 0 0 0 0 -2 0 0 0 0 0 0 0 -2 -2 0 0 2 2 0 -2 2 0 2
0 0 0 0 0 -2 0 0 0 2 0 0 0 2 0 0 2 0 -2 -2 0 0 2 -2
0 0 0 0 0 -2 2 0 0 -2 0 0 0 2 2 -2 2 0 0 0 0 -2 0 0
0 0 0 0 0 0 -2 -2 0 0 -2 2 0 -2 2 0 0 0 0 0 0 2 0 2
0 0 0 0 0 0 -2 -2 0 0 2 0 0 0 -2 -2 2 2 0 0 0 0 2 0
0 0 0 0 0 0 -2 0 -2 0 0 0 0 2 -2 0 2 0 0 0 -2 0 -2 -2
0 0 0 0 0 0 -2 0 0 -2 0 2 0 2 0 0 0 0 2 0 2 -2 -2 0
0 0 0 0 0 0 -2 0 0 0 0 2 0 -2 -2 0 2 -2 2 2 0 0 0 0
0 0 0 0 0 0 -2 0 2 0 -2 2 -2 0 0 0 -2 -2 0 0 0 0 0 -2
0 0 0 0 0 0 -2 2 0 0 0 -2 -2 2 0 -2 2 0 0 0 2 0 0 0
0 0 0 0 0 0 0 -2 0 0 -2 -2 0 -2 0 2 0 0 2 2 0 0 2 0
0 0 0 0 0 0 0 0 0 -2 0 2 0 -2 2 -2 0 0 0 2 2 0 0 -2
0 0 0 0 0 0 0 0 0 0 -2 0 -2 0 2 2 2 0 0 0 -2 2 0 -2
0 0 0 0 0 0 0 0 0 0 0 -2 0 -2 0 2 2 -2 0 0 0 2 -2 2
0 0 0 0 0 0 0 0 0 0 0 2 0 2 0 -2 -2 2 0 0 0 -2 2 -2
0 0 0 0 0 0 0 0 0 0 2 0 2 0 -2 -2 -2 0 0 0 2 -2 0 2
0 0 0 0 0 0 0 0 0 2 0 -2 0 2 -2 2 0 0 0 -2 -2 0 0 2
0 0 0 0 0 0 0 2 0 0 2 2 0 2 0 -2 0 0 -2 -2 0 0 -2 0
0 0 0 0 0 0 2 -2 0 0 0 2 2 -2 0 2 -2 0 0 0 -2 0 0 0
0 0 0 0 0 0 2 0 -2 0 2 -2 2 0 0 0 2 2 0 0 0 0 0 2
0 0 0 0 0 0 2 0 0 0 0 -2 0 2 2 0 -2 2 -2 -2 0 0 0 0
0 0 0 0 0 0 2 0 0 2 0 -2 0 -2 0 0 0 0 -2 0 -2 2 2 0
0 0 0 0 0 0 2 0 2 0 0 0 0 -2 2 0 -2 0 0 0 2 0 2 2
0 0 0 0 0 0 2 2 0 0 -2 0 0 0 2 2 -2 -2 0 0 0 0 -2 0
0 0 0 0 0 0 2 2 0 0 2 -2 0 2 -2 0 0 0 0 0 0 -2 0 -2
0 0 0 0 0 2 -2 0 0 2 0 0 0 -2 -2 2 -2 0 0 0 0 2 0 0
0 0 0 0 0 2 0 0 0 -2 0 0 0 -2 0 0 -2 0 2 2 0 0 -2 2
0 0 0 0 0 2 0 0 0 0 0 0 0 2 2 0 0 -2 -2 0 2 -2 0 -2
0 0 0 0 0 2 0 0 2 -2 2 0 -2 0 2 0 2 0 0 0 0 0 2 0
0 0 0 0 0 2 0 0 2 2 0 2 0 -2 0 0 2 2 0 0 -2 0 0 0
0 0 0 0 0 2 0 2 0 -2 -2 0 0 -2 0 0 0 -2 0 0 0 2 2 0
0 0 0 0 0 2 0 2 0 0 -2 0 0 2 -2 0 -2 0 0 -2 2 0 0 0
0 0 0 0 0 2 2 0 -2 0 0 2 0 2 0 2 0 0 -2 0 0 0 0 2
0 0 0 0 0 2 2 0 0 0 0 0 0 2 0 -2 0 -2 0 -2 -2 0 2 0
0 0 0 0 2 -2 0 0 -2 0 2 2 0 0 0 2 0 -2 0 0 0 0 -2 0
0 0 0 0 2 -2 0 0 0 0 0 0 -2 0 -2 0 -2 0 -2 2 0 -2 0 0
0 0 0 0 2 -2 0 0 0 0 0 0 2 0 2 0 -2 0 2 2 0 2 0 0
0 0 0 0 2 -2 2 0 0 0 0 0 -2 0 0 2 2 0 0 0 0 0 2 2
0 0 0 0 2 0 -2 -2 0 2 -2 -2 -2 0 0 0 0 0 0 0 0 0 -2 0
0 0 0 0 2 0 0 -2 2 0 0 0 0 0 -2 0 0 0 0 2 -2 2 0 -2
0 0 0 0 2 0 0 0 0 0 0 -2 2 0 0 -2 0 0 0 -2 -2 -2 -2 0
0 0 0 0 4 0 0 0 0 0 0 0 0 -4 0 0 0 0 0 0 0 0 0 0
0 0 0 2 -2 -2 0 0 2 -2 0 0 0 0 0 2 -2 0 2 0 0 0 0 0
0 0 0 2 -2 0 0 -2 0 2 0 0 2 0 0 2 0 0 0 0 2 0 0 2
0 0 0 2 0 -2 0 0 0 2 0 0 -2 0 0 0 -2 -2 0 0 0 2 0 2
0 0 0 2 0 0 0 -2 0 2 0 0 0 -2 0 -2 -2 2 0 2 0 0 0 0
0 0 0 2 0 0 0 -2 2 0 0 0 0 0 -2 0 -2 0 -2 -2 0 0 -2 0
0 0 0 2 0 0 0 0 0 2 -2 0 0 2 0 -2 0 0 -2 0 0 -2 0 2
0 0 0 2 0 0 0 2 0 0 0 0 0 -2 -2 -2 0 0 0 0 2 2 -2 0
0 0 0 2 0 2 0 -2 0 0 0 -2 0 2 0 0 -2 0 2 0 0 -2 0 0
0 0 0 2 0 2 0 0 0 -2 -2 0 0 0 -2 2 0 2 0 0 -2 0 0 0
0 0 0 2 0 2 0 0 0 0 2 -2 0 -2 0 0 0 -2 0 2 0 0 0 -2
0 0 0 2 0 2 2 2 0 2 0 0 0 0 0 0 2 0 0 0 2 0 2 0
0 0 0 2 2 2 0 0 0 0 2 2 -2 0 0 0 -2 0 0 0 2 0 0 0
0 0 2 -2 -2 0 -2 0 2 0 2 0 0 0 0 0 2 0 0 0 0 0 -2 0
0 0 2 -2 0 0 0 0 0 2 0 2 0 2 -2 0 0 -2 0 0 0 -2 0 0
0 0 2 -2 0 2 0 0 0 -2 0 -2 0 0 0 0 0 0 -2 0 2 0 0 2
0 0 2 0 -2 0 0 2 0 2 0 0 2 0 0 0 0 2 0 2 0 -2 0 0
0 0 2 0 0 -2 2 2 0 -2 0 -2 0 -2 0 0 0 0 0 2 0 0 0 0
0 0 2 0 0 0 0 -2 0 -2 2 0 -2 2 -2 2 0 0 0 0 0 0 0 0
0 0 2 0 0 0 0 -2 0 0 0 0 0 2 2 0 0 -2 0 -2 0 0 -2 2
0 0 2 0 0 0 0 0 0 0 2 0 0 -2 2 0 -2 0 -2 0 0 2 -2 0
0 0 2 0 0 0 0 0 0 0 2 2 0 0 2 2 0 2 2 0 0 0 0 2
0 0 2 0 0 0 0 0 0 2 -2 0 0 -2 0 0 0 -2 -2 2 2 0 0 0
0 0 2 0 0 0 0 0 2 2 0 0 -2 0 -2 0 0 2 0 0 2 0 0 2
0 0 2 0 0 0 0 2 0 -2 0 0 0 2 0 0 -2 0 0 0 -2 -2 0 2
0 0 2 0 0 0 2 -2 0 0 0 0 0 -2 0 -2 0 -2 2 0 0 2 0 0
0 0 2 0 0 0 2 -2 0 0 0 2 0 0 0 0 2 0 -2 0 0 0 -2 -2
0 0 2 0 0 2 -2 0 -2 0 0 2 2 0 0 0 0 0 0 0 2 0 2 0
0 0 2 0 2 0 -2 0 -2 -2 0 -2 0 0 0 0 0 2 2 0 0 0 0 0
0 0 2 2 -2 0 0 0 2 0 0 0 -2 0 0 0 0 0 -2 2 -2 0 0 0
0 0 2 2 0 -2 0 0 0 0 0 0 0 2 -2 -2 0 0 2 -2 0 0 0 0
0 2 -2 0 0 0 0 -2 0 0 -2 0 0 0 2 0 0 2 0 0 2 -2 0 0
0 2 -2 0 0 0 0 -2 0 0 0 -2 2 2 0 0 0 0 0 0 0 2 -2 0
0 2 -2 0 0 0 0 0 0 0 0 0 0 0 2 0 2 0 -2 -2 -2 0 0 2
0 2 -2 0 0 0 2 0 0 2 0 0 0 0 -2 -2 0 2 0 -2 0 0 0 0
0 2 -2 0 0 2 0 0 0 0 0 -2 0 0 0 2 0 0 0 -2 0 0 2 -2
0 2 -2 2 0 2 0 2 0 -2 0 0 0 0 0 -2 0 0 0 0 0 -2 0 0
0 2 0 -2 0 0 0 0 0 0 0 0 0 0 -2 2 -2 2 2 0 0 -2 0 0
0 2 0 -2 0 0 0 0 0 2 0 0 0 0 0 2 0 0 -2 -2 2 0 -2 0
0 2 0 -2 0 0 0 2 2 0 0 0 2 2 0 -2 0 0 2 0 0 0 0 0
0 2 0 -2 0 0 2 2 0 0 -2 0 0 0 0 0 0 0 -2 0 0 -2 2 0
0 2 0 -2 0 2 0 0 0 -2 0 2 0 0 2 0 -2 0 0 -2 0 0 0 0
0 2 0 0 0 -2 -2 -2 0 0 0 0 0 0 0 2 2 0 2 -2 0 0 0 0
0 2 0 0 0 -2 0 0 2 2 -2 0 0 2 0 2 0 0 0 2 0 0 0 0
0 2 0 0 0 -2 0 2 0 -2 0 0 0 0 0 0 0 2 0 -2 2 0 0 -2
0 2 0 0 0 -2 0 2 0 0 0 0 0 0 -2 0 2 0 0 0 0 -2 -2 2
0 2 0 0 0 0 -2 2 0 0 0 2 0 0 -2 0 0 0 0 -2 -2 0 2 0
0 2 0 0 0 0 0 0 0 0 -2 2 0 0 0 -2 2 -2 0 -2 2 0 0 0
0 2 0 0 0 0 2 -2 0 2 0 -2 0 0 0 0 2 -2 0 0 0 -2 0 0
0 2 0 0 0 0 2 0 0 -2 -2 -2 0 0 0 0 0 0 2 -2 0 0 0 2
0 2 0 0 0 2 -2 0 0 0 -2 0 0 0 0 2 0 -2 0 0 0 -2 0 2
0 2 0 0 0 2 0 0 0 0 2 0 0 0 -2 0 0 -2 2 -2 0 0 -2 0
0 2 0 0 0 2 0 0 0 2 2 0 0 0 0 0 -2 0 -2 0 -2 -2 0 0
0 2 0 0 2 0 0 -2 -2 0 0 2 -2 0 0 0 0 2 0 0 -2 0 0 0
0 2 0 2 0 -2 0 0 0 0 0 -2 0 0 0 0 0 2 0 0 -2 -2 2 0
0 2 0 2 0 0 -2 0 0 2 0 0 0 0 -2 0 0 0 0 0 2 -2 0 -2
0 2 0 2 0 0 0 -2 0 0 2 0 0 0 2 -2 0 0 0 -2 0 0 0 -2
0 2 2 -2 0 -2 2 0 0 0 2 0 0 0 0 0 0 0 0 -2 -2 0 0 0
0 2 2 0 -2 0 0 0 -2 -2 0 0 2 0 0 2 0 0 0 0 0 0 -2 0
0 2 2 0 0 -2 -2 0 0 0 0 2 0 0 2 0 0 0 -2 0 0 -2 0 0
0 2 2 0 0 0 0 -2 0 2 -2 0 0 0 0 0 -2 0 0 -2 0 0 2 0
0 2 2 0 0 0 0 0 0 -2 0 0 0 0 0 0 0 -2 2 0 0 -2 2 -2
0 2 2 0 2 0 0 0 0 0 0 0 2 2 -2 0 0 2 -2 0 0 0 0 0
0 2 2 2 0 0 0 2 0 0 0 -2 0 0 0 0 0 -2 -2 -2 0 0 0 0
1 -3 -1 1 1 -1 1 -1 1 -1 1 1 1 1 -1 1 -1 -1 -1 1 1 1 1 1
1 -3 1 -1 -1 1 1 -1 -1 -1 -1 -1 1 1 -1 1 -1 -1 -1 -1 -1 -1 -1 -1
1 -3 1 -1 1 1 -1 1 1 1 -1 -1 1 1 1 -1 1 1 1 1 -1 1 -1 -1
1 -1 -1 -3 -1 -1 1 1 1 -1 1 -1 -1 -1 -1 -1 1 1 1 -1 1 -1 1 1
1 -1 -1 -3 1 1 1 1 1 1 1 1 1 1 -1 1 -1 1 -1 -1 -1 1 1 -1
1 -1 -1 -1 1 -1 -1 -1 1 -1 1 1 1 1 3 1 1 1 -1 -1 1 1 -1 -1
1 -1 -1 -1 1 -1 1 -1 -3 -1 -1 -1 -1 -1 -1 -1 1 -1 1 1 -1 -1 -1 1
1 -1 -1 -1 1 -1 1 -1 -1 1 -1 1 -1 3 1 -1 -1 -1 -1 1 -1 1 -1 -1
1 -1 -1 -1 1 -1 1 -1 1 1 1 1 1 1 -1 -1 3 -1 1 -1 -1 1 -1 1
1 -1 -1 -1 1 -1 1 1 -1 1 -1 1 -3 -1 -1 1 -1 1 1 -1 1 1 -1 -1
1 -1 -1 -1 1 -1 1 1 1 1 -1 1 1 1 -1 -1 1 1 -1 1 3 -1 -1 -1
1 -1 -1 -1 1 1 -1 -1 1 1 1 -1 1 1 -1 3 1 -1 1 1 1 -1 -1 -1
1 -1 -1 -1 1 1 -1 1 -1 1 1 -1 -1 -1 1 -1 -1 1 1 1 1 -3 -1 -1
1 -1 -1 -1 1 1 -1 1 1 -1 -1 3 1 1 1 -1 1 -1 -1 1 -1 -1 1 1
1 -1 -1 -1 1 1 1 -1 1 1 -3 -1 1 1 1 1 1 -1 -1 -1 1 1 1 1
1 -1 -1 -1 1 1 1 1 -1 1 1 -1 -1 -1 -1 1 -1 -3 -1 -1 1 -1 1 1
1 -1 -1 1 -1 -1 -1 1 -1 -1 -3 -1 -1 1 1 -1 -1 1 1 -1 -1 -1 -1 -1
1 -1 -1 1 -1 1 1 -1 -1 1 -1 1 3 1 -1 -1 1 1 -1 1 -1 1 1 -1
1 -1 -1 1 -1 1 1 1 1 -1 1 1 -1 -1 1 1 -1 1 -1 -1 -1 -1 -1 -3
1 -1 -1 1 1 -3 -1 -1 -1 -1 1 1 -1 -1 1 -1 -1 1 1 -1 1 -1 1 1
1 -1 -1 1 1 -1 -1 -1 1 -1 -1 -1 1 1 1 1 1 1 1 1 -1 -1 -1 3
1 -1 -1 1 1 -1 -1 -1 1 1 -1 -1 1 1 -1 1 -1 3 1 -1 1 1 1 -1
1 -1 -1 1 1 -1 1 3 1 -1 -1 -1 1 1 -1 -1 1 1 -1 -1 -1 1 1 1
1 -1 -1 1 1 1 -1 1 1 -1 1 1 1 1 -1 -1 1 -1 1 -1 1 1 1 -3
1 -1 -1 1 1 1 1 -1 1 -1 -1 1 1 1 1 -3 -1 1 1 -1 1 1 -1 1
1 -1 -1 1 1 1 1 -1 1 1 1 -1 -1 -1 1 1 1 1 1 -3 1 -1 -1 1
1 -1 -1 1 1 3 -1 1 1 -1 1 -1 1 1 1 1 -1 -1 -1 -1 -1 1 -1 1
1 -1 1 -1 -3 1 1 1 -1 -1 -1 1 -1 -1 -1 -1 1 1 1 1 -1 1 -1 -1
1 -1 1 -1 -1 -1 -1 -1 -1 -1 -1 1 -1 -1 -3 -1 -1 -1 -1 -1 1 1 1 1
1 -1 1 -1 -1 1 -1 1 -1 1 1 -1 -1 -1 1 1 1 3 -1 -1 1 1 1 -1
1 -1 1 -1 1 -3 -1 1 1 -1 1 1 1 1 -1 1 1 1 1 1 -1 -1 1 -1
1 -1 1 -1 1 -1 -1 -1 -1 -1 1 -1 3 -1 -1 -1 1 -1 -1 1 1 1 -1 -1
1 -1 1 -1 1 -1 -1 -1 -1 1 -1 -1 1 -1 -1 1 1 1 -1 -1 1 -3 1 1
1 -1 1 -1 1 -1 -1 1 -1 1 -1 -1 -1 -1 1 -1 1 -1 1 -3 -1 1 1 1
1 -1 1 -1 1 -1 1 1 1 -1 1 -1 1 1 -1 1 -1 1 1 -1 1 1 -3 1
1 -1 1 -1 1 -1 1 1 1 1 1 -1 1 1 1 1 1 -1 -3 1 -1 -1 -1 1
1 -1 1 -1 1 -1 3 -1 1 1 -1 -1 1 1 -1 -1 -1 1 1 1 -1 -1 1 1
1 -1 1 -1 1 1 -1 -1 1 -1 -1 1 1 1 -1 1 -1 -1 3 -1 -1 1 1 1
1 -1 1 -1 1 1 -1 -1 1 1 -1 1 1 1 1 1 -3 1 -1 1 1 -1 -1 1
1 -1 1 -1 1 1 -1 1 -1 -1 -1 1 -1 -1 1 1 1 1 -1 -1 -1 -1 -3 1
1 -1 1 -1 1 1 1 -1 1 -1 3 1 1 1 1 -1 -1 -1 1 1 -1 -1 -1 -1
1 -1 1 1 -3 -1 -1 1 -1 1 -1 1 1 -1 1 1 -1 -1 -1 -1 -1 1 1 -1
1 -1 1 1 -1 -1 1 -1 1 1 -3 1 -1 -1 -1 1 1 -1 1 -1 -1 -1 -1 1
1 -1 1 1 -1 -1 3 -1 -1 1 1 1 -1 1 1 1 -1 -1 1 -1 1 -1 1 -1
1 -1 1 1 -1 1 -3 -1 1 1 1 -1 -1 -1 1 -1 -1 -1 -1 -1 1 -1 1 1
1 -1 1 1 1 -1 -3 1 1 1 -1 1 1 1 -1 1 1 -1 -1 -1 1 1 -1 1
1 -1 1 1 1 -1 -1 -3 1 1 -1 1 1 1 1 -1 1 -1 1 1 1 -1 1 -1
1 -1 1 1 1 -1 -1 -1 1 1 1 1 1 1 1 -1 -1 1 -1 -1 -3 1 1 1
1 -1 1 1 1 -1 1 -1 1 -1 1 -3 1 1 1 1 1 -1 1 -1 -1 1 1 -1
1 -1 1 1 1 -1 1 1 3 1 1 1 -1 -1 1 1 1 -1 1 1 1 1 -1 -1
1 -1 1 1 1 1 -1 1 1 1 -1 -1 1 1 -1 1 -1 -1 -1 1 -1 -1 3 -1
1 -1 1 1 1 1 1 -1 -1 1 -1 -1 -1 -1 -1 -1 1 1 1 -1 -1 -1 1 -3
1 -1 1 1 3 1 1 1 -1 -1 -1 -1 -1 1 -1 1 1 -1 -1 1 1 1 -1 -1
1 -1 1 3 1 -1 -1 1 1 -1 1 -1 1 1 1 -1 -1 1 -1 1 1 -1 -1 -1
1 -1 3 -1 1 -1 1 1 1 -1 -1 1 1 1 1 -1 -1 -1 -1 -1 1 1 1 -1
1 1 -3 -1 1 -1 -1 -1 -1 1 1 1 1 -1 -1 -1 -1 -1 -1 1 -1 1 1 1
1 1 -3 -1 1 -1 1 1 1 -1 1 1 -1 1 1 1 -1 -1 1 1 1 -1 1 -1
1 1 -1 -3 1 -1 -1 -1 -1 -1 -1 -1 -1 1 -1 1 1 1 -1 1 1 1 1 -1
1 1 -1 -1 -1 -1 -1 -1 -1 1 1 -1 -3 1 -1 -1 -1 -1 1 -1 -1 -1 1 -1
1 1 -1 -1 -1 -1 -1 -1 1 -1 -1 1 3 1 -1 1 -1 -1 -1 -1 1 -1 1 -1
1 1 -1 -1 -1 -1 1 1 -1 1 1 -1 -1 1 -1 -1 -1 1 1 3 1 1 -1 1
1 1 -1 -1 -1 1 -1 -1 1 -1 -1 -1 -1 1 1 -1 1 -1 1 3 -1 -1 -1 -1
1 1 -1 -1 -1 1 -1 1 -1 1 -1 1 1 1 1 1 -1 1 1 1 -3 1 -1 1
1 1 -1 -1 -1 1 1 -1 1 -1 -1 -1 -1 1 -1 1 -3 -1 -1 1 -1 1 1 1
1 1 -1 -1 -1 1 1 -1 3 -1 -1 1 -1 1 -1 1 1 1 1 -1 1 1 -1 -1
1 1 -1 -1 1 -1 1 -1 1 -1 -1 1 1 -1 1 -1 1 1 1 -1 -1 1 3 -1
1 1 -1 -1 1 -1 1 1 1 -1 1 1 1 -1 1 -1 -1 3 -1 1 -1 -1 -1 1
1 1 -1 -1 1 1 -1 1 1 1 1 1 -3 1 -1 1 1 -1 -1 1 -1 1 -1 1
1 1 -1 -1 1 1 1 1 1 -1 1 -1 1 -1 -1 1 1 -1 1 1 -3 -1 1 1
1 1 -1 -1 1 1 3 1 1 -1 1 -1 1 -1 1 -1 1 -1 -1 -1 1 1 -1 -1
1 1 -1 -1 1 3 1 -1 1 1 -1 1 1 -1 -1 -1 -1 -1 1 1 1 -1 1 -1
1 1 -1 1 -1 -3 -1 -1 1 -1 1 1 -1 1 -1 -1 1 -1 -1 1 1 1 -1 -1
1 1 -1 1 -1 -1 -1 -1 -1 -1 -1 1 1 -3 -1 -1 1 1 -1 -1 -1 -1 -1 -1
1 1 -1 1 -1 1 -1 1 -1 -1 1 -1 1 1 -3 1 1 -1 -1 1 1 1 1 1
1 1 -1 1 1 -1 -1 1 -3 -1 -1 1 1 1 1 -1 1 1 -1 1 1 1 -1 1
1 1 -1 1 1 -1 -1 1 1 -1 -1 -1 1 -1 1 1 3 -1 -1 1 1 -1 1 -1
1 1 -1 1 1 -1 -1 1 1 1 3 -1 1 -1 -1 1 1 1 -1 -1 -1 1 -1 -1
1 1 -1 1 1 1 -3 -1 1 -1 1 1 1 -1 1 1 -1 1 1 1 -1 -1 1 -1
1 1 -1 1 1 1 -1 -1 1 1 1 1 1 -1 1 -1 1 -1 -1 1 1 -1 -3 1
1 1 -1 1 1 1 1 -1 -1 1 -1 1 -1 1 1 1 1 -1 3 1 1 1 -1 1
1 1 -1 1 1 1 1 -1 1 -1 -1 1 -1 -1 -1 -1 1 1 -3 1 1 1 1 1
1 1 -1 1 1 1 1 1 1 1 -1 -3 1 -1 -1 1 -1 1 -1 1 1 -1 -1 1
1 1 -1 3 1 1 -1 -1 1 1 -1 -1 1 -1 -1 -1 1 -1 1 -1 -1 1 1 1
1 1 1 -3 1 -1 1 -1 1 -1 -1 1 1 -1 1 1 1 -1 1 1 1 -1 -1 1
1 1 1 -3 1 1 -1 -1 1 1 1 -1 -1 -1 1 -1 -1 1 1 1 -1 1 1 1
1 1 1 -1 -3 -1 1 -1 1 -1 -1 -1 -1 -1 1 -1 -1 -1 -1 -1 1 -1 -1 -1
1 1 1 -1 -1 -1 -1 1 1 1 -1 -1 -1 1 -1 -1 -1 1 -1 -1 -1 3 -1 -1
1 1 1 -1 -1 -1 1 -3 -1 -1 1 1 1 1 1 -1 -1 1 -1 1 1 1 1 1
1 1 1 -1 -1 1 1 1 1 1 -1 1 -1 1 3 -1 1 1 -1 1 1 1 -1 1
1 1 1 -1 1 -1 -1 -1 1 1 1 3 1 -1 -1 -1 -1 1 1 -1 1 1 -1 -1
1 1 1 -1 1 -1 -1 -1 3 -1 -1 -1 -1 1 -1 -1 1 -1 -1 -1 -1 -1 1 1
1 1 1 -1 1 -1 -1 1 1 -1 -1 -1 1 -1 1 3 -1 1 -1 -1 -1 1 1 1
1 1 1 -1 1 -1 1 -1 1 1 1 -1 1 -1 1 1 -1 1 -1 1 1 -1 1 -3
1 1 1 -1 1 -1 1 1 1 1 -1 -1 1 -1 -3 1 1 -1 1 -1 1 1 1 -1
1 1 1 -1 1 1 -1 3 1 -1 1 1 1 -1 -1 1 -1 -1 -1 1 1 -1 -1 -1
1 1 1 -1 1 1 1 -1 -3 1 1 -1 1 1 -1 1 -1 -1 1 1 -1 1 1 -1
1 1 1 -1 1 1 1 -1 -1 -1 -3 -1 1 -1 1 -1 -1 1 -1 1 -1 1 -1 -1
1 1 1 -1 1 1 1 1 -1 -1 1 1 -1 1 -1 -1 1 1 1 -1 1 3 1 1
1 1 1 -1 1 1 1 1 1 1 -1 1 1 -1 -1 -1 -1 -1 -1 -1 -1 1 -1 3
1 1 1 -1 3 1 -1 1 1 1 -1 1 -1 1 1 1 1 1 1 -1 1 -1 1 -1
1 1 1 1 -1 -1 1 1 -1 1 -1 -1 1 1 1 -1 1 -1 1 1 1 1 -1 -3
1 1 1 1 -1 1 -1 1 1 1 1 -1 -1 1 -1 1 1 1 3 1 -1 1 1 -1
1 1 1 1 1 -3 1 -1 1 1 -1 -1 1 -1 1 -1 1 1 -1 -1 1 1 -1 1
1 1 1 1 1 -1 -1 1 1 -3 1 1 1 -1 1 -1 1 -1 1 -1 -1 1 -1 1
1 1 1 1 1 -1 -1 1 1 -1 -3 1 1 -1 -1 -1 -1 1 1 1 1 -1 1 1
1 1 1 1 1 -1 1 -1 1 -1 -1 -1 -3 1 1 -1 -1 1 1 1 1 1 1 -1
1 1 1 1 1 -1 1 1 -1 1 -1 1 3 1 1 1 1 -1 1 -1 -1 -1 1 1
1 1 1 1 1 -1 1 1 1 1 1 1 1 -1 -1 -3 1 -1 -1 1 -1 -1 1 -1
1 1 1 1 1 -1 1 3 -1 1 1 1 -1 1 1 1 -1 1 -1 1 -1 1 1 -1
1 1 1 1 1 1 -1 -1 -1 -1 1 -1 -1 1 -1 -3 -1 -1 -1 1 -1 1 -1 1
1 1 1 1 1 1 -1 -1 -1 1 1 -1 -1 1 1 1 1 1 -1 3 1 -1 1 1
1 1 1 1 1 1 -1 -1 1 -1 -1 -1 1 -1 1 1 -1 -1 1 -1 3 1 -1 -1
1 1 1 1 1 1 -1 1 -1 3 1 -1 1 1 1 -1 -1 1 1 -1 1 1 -1 1
1 1 1 1 1 1 1 1 1 -1 1 -1 1 -1 -1 -1 -3 1 1 -1 -1 1 1 -1
1 1 1 1 1 1 1 1 1 1 -1 1 -1 1 -1 -1 -1 1 1 1 -1 -1 -3 -1
1 1 1 3 1 -1 1 -1 -1 -1 1 1 1 -1 -1 1 1 1 1 1 1 1 1 -1
1 1 3 1 1 -1 -1 -1 1 1 1 -1 1 -1 -1 1 -1 -1 1 1 -1 -1 -1 1
1 3 -1 1 1 -1 -1 1 -1 -1 -1 -1 -1 -1 -1 1 -1 -1 1 1 -1 1 -1 -1
2 -2 -2 0 -2 0 -2 0 2 0 0 0 0 0 -2 0 0 0 0 0 -2 0 0 0
2 -2 0 -2 0 0 -2 0 -2 0 2 0 0 2 0 0 0 0 0 0 0 0 0 2
2 -2 0 0 0 0 0 0 0 2 2 0 2 -2 0 0 0 0 2 0 0 0 2 0
2 -2 0 2 0 0 0 0 0 0 0 2 -2 2 0 0 2 2 0 0 0 0 0 0
2 -2 2 0 0 0 0 -2 2 -2 0 0 0 -2 0 0 0 2 0 0 0 0 0 0
2 0 -2 0 -2 0 0 0 0 0 2 0 0 0 0 0 -2 0 0 -2 2 2 0 0
2 0 -2 0 -2 0 2 0 0 0 0 0 2 0 0 0 0 0 2 0 0 -2 -2 0
2 0 -2 0 0 -2 0 0 -2 2 0 -2 0 0 2 2 0 0 0 0 0 0 0 0
2 0 -2 0 0 0 0 -2 0 -2 2 -2 0 0 0 0 0 0 -2 0 0 -2 0 0
2 0 -2 2 0 0 0 2 0 0 0 2 0 -2 0 2 0 0 0 0 0 0 0 2
2 0 0 -2 -2 0 -2 0 0 2 -2 0 0 0 0 0 0 0 2 0 2 0 0 0
2 0 0 -2 0 0 0 0 0 2 0 0 0 -2 0 0 0 -2 0 0 -2 0 -2 -2
2 0 0 0 -2 -2 0 0 0 0 0 0 0 0 0 0 0 -2 0 2 0 -2 2 2
2 0 0 0 -2 -2 2 0 0 0 0 0 0 0 -2 2 0 2 -2 0 0 0 0 0
2 0 0 0 -2 0 0 2 0 0 2 -2 0 0 2 -2 0 0 0 0 -2 0 0 0
2 0 0 0 0 -2 0 2 2 2 0 0 0 0 0 0 -2 0 0 -2 0 -2 0 0
2 0 0 0 0 0 0 0 -2 0 -2 2 0 0 0 2 0 0 0 2 0 -2 0 -2
2 0 0 0 0 0 0 2 -2 0 0 2 0 0 0 -2 -2 -2 2 0 0 0 0 0
2 0 0 0 0 2 0 -2 -2 0 0 0 0 0 -2 0 0 2 0 0 2 0 -2 0
2 0 0 0 2 0 -2 0 -2 0 0 0 0 0 0 0 -2 0 -2 -2 0 0 0 -2
2 0 0 0 2 0 2 0 0 -2 0 2 0 0 -2 0 0 0 0 -2 0 -2 0 0
2 0 0 2 -2 2 0 -2 0 -2 0 2 0 0 0 0 0 -2 0 0 0 0 0 0
2 0 0 2 0 0 2 0 -2 0 0 0 0 0 0 0 0 0 0 -2 -2 2 -2 0
2 0 0 2 2 0 0 0 0 0 0 0 -2 0 2 0 0 -2 0 0 -2 -2 0 0
2 0 2 0 0 0 0 0 -2 -2 0 0 0 0 0 0 2 0 -2 0 -2 0 2 0
2 0 2 0 0 2 0 0 0 0 0 0 0 0 0 -2 2 0 2 0 0 -2 0 2
2 2 0 0 -2 0 -2 0 0 -2 0 0 -2 0 0 0 0 2 0 0 0 0 0 2
2 2 0 0 -2 0 0 0 -2 2 2 2 0 0 0 0 2 0 0 0 0 0 0 0
2 2 0 0 -2 0 0 0 2 0 0 0 2 -2 0 0 0 0 0 2 0 2 0 0
2 2 0 0 0 0 -2 0 0 0 0 0 0 2 2 0 0 -2 0 0 0 2 2 0
2 2 0 0 0 0 0 0 -2 0 0 -2 0 -2 0 -2 0 0 0 0 2 0 2 0
2 2 0 2 0 0 2 0 2 0 2 0 0 2 0 0 0 0 0 0 0 0 0 2
2 2 2 0 0 2 2 0 0 0 0 0 -2 -2 0 2 0 0 0 0 0 0 0 0
3 -1 -1 -1 -1 1 1 -1 -1 1 -1 1 -1 -1 1 -1 -1 1 -1 -1 -1 -1 1 1
3 -1 -1 -1 1 -1 -1 1 1 -1 -1 -1 -1 -1 1 -1 -1 -1 -1 1 1 1 -1 1
3 -1 1 -1 -1 1 1 -1 1 1 1 -1 -1 1 -1 -1 1 -1 -1 1 1 1 1 -1
3 -1 1 1 -1 -1 -1 1 -1 -1 1 -1 -1 -1 -1 1 1 -1 1 -1 1 -1 -1 -1
3 -1 1 1 -1 1 1 1 -1 -1 -1 -1 1 1 1 1 -1 1 1 1 1 1 1 1
3 1 1 1 -1 1 -1 -1 1 1 -1 -1 1 1 1 1 1 1 -1 -1 -1 -1 -1 -1
